// IEEE 802.3.an code
//code lenght N=2048
//code rate R=0.84
// column weight-6 code

//////////////////////////////////////////////
//Parity check matrix (connections of varible nodes)
//////////////////////////////////////////////
//first number in each line represents the number of connections
// remaining numbers are indeces of rows connected to specific variable (numbering starts from 1)

6 57 121 185 249 313 377
6 56 120 184 248 312 376
6 55 119 183 247 311 375
6 54 118 182 246 310 374
6 52 116 180 244 308 372
6 51 115 179 243 307 371
6 50 114 178 242 306 370
6 49 113 177 241 305 369
6 48 112 176 240 304 368
6 47 111 175 239 303 367
6 46 110 174 238 302 366
6 45 109 173 237 301 365
6 43 107 171 235 299 363
6 42 106 170 234 298 362
6 41 105 169 233 297 361
6 40 104 168 232 296 360
6 39 103 167 231 295 359
6 38 102 166 230 294 358
6 37 101 165 229 293 357
6 36 100 164 228 292 356
6 35 99 163 227 291 355
6 34 98 162 226 290 354
6 33 97 161 225 289 353
6 32 96 160 224 288 352
6 31 95 159 223 287 351
6 30 94 158 222 286 350
6 29 93 157 221 285 349
6 28 92 156 220 284 348
6 27 91 155 219 283 347
6 26 90 154 218 282 346
6 25 89 153 217 281 345
6 24 88 152 216 280 344
6 23 87 151 215 279 343
6 22 86 150 214 278 342
6 21 85 149 213 277 341
6 20 84 148 212 276 340
6 19 83 147 211 275 339
6 18 82 146 210 274 338
6 17 81 145 209 273 337
6 16 80 144 208 272 336
6 15 79 143 207 271 335
6 13 77 141 205 269 333
6 12 76 140 204 268 332
6 11 75 139 203 267 331
6 10 74 138 202 266 330
6 9 73 137 201 265 329
6 8 72 136 200 264 328
6 7 71 135 199 263 327
6 6 70 134 198 262 326
6 5 69 133 197 261 325
6 3 67 131 195 259 323
6 2 66 130 194 258 322
6 64 128 192 256 320 384
6 1 65 129 193 257 321
6 43 113 183 204 260 362
6 42 118 139 195 297 363
6 41 74 130 232 298 324
6 40 128 167 233 259 345
6 39 102 168 194 280 341
6 38 103 192 215 276 356
6 37 127 150 211 291 382
6 36 85 146 226 317 358
6 35 81 161 252 293 327
6 34 96 187 228 262 343
6 33 122 163 197 278 376
6 32 98 132 213 311 322
6 31 67 148 246 320 335
6 30 83 181 255 270 377
6 29 116 190 205 312 342
6 28 125 140 247 277 344
6 27 75 182 212 279 326
6 26 117 147 214 261 333
6 25 82 149 196 268 360
6 24 84 131 203 295 348
6 23 66 138 230 283 354
6 22 73 165 218 289 349
6 21 100 153 224 284 359
6 20 88 159 219 294 381
6 19 94 154 229 316 336
6 18 89 164 251 271 384
6 16 121 141 254 306 339
6 15 76 189 241 274 351
6 14 124 176 209 286 365
6 13 111 144 221 300 346
6 12 79 156 235 281 323
6 11 91 170 216 258 375
6 10 105 151 256 310 379
6 8 126 180 249 307 383
6 7 115 184 242 318 355
6 6 119 177 253 290 347
6 5 112 188 225 282 364
6 4 123 160 217 299 361
6 3 95 152 234 296 332
6 64 104 166 202 287 338
6 63 101 137 222 273 328
6 62 72 157 208 263 357
6 61 92 143 198 292 340
6 59 68 162 210 305 330
6 58 97 145 240 265 366
6 57 80 175 200 301 350
6 56 110 135 236 285 353
6 55 70 171 220 288 331
6 53 90 158 201 304 367
6 52 93 136 239 302 329
6 51 71 174 237 264 337
6 50 109 172 199 272 380
6 47 77 185 244 257 373
6 46 120 179 193 308 378
6 45 114 129 243 313 334
6 44 65 178 248 269 325
6 1 108 173 238 303 368
6 33 118 137 199 298 383
6 31 69 168 253 304 359
6 30 103 188 239 294 325
6 29 123 174 229 260 371
6 28 109 164 195 306 338
6 27 99 130 241 273 361
6 26 128 176 208 296 334
6 25 111 143 231 269 381
6 24 78 166 204 316 384
6 23 101 139 251 319 362
6 22 74 186 254 297 337
6 20 124 167 207 270 360
6 19 102 142 205 295 368
6 18 77 140 230 303 348
6 17 75 165 238 283 342
6 16 100 173 218 277 321
6 15 108 153 212 257 341
6 14 88 147 193 276 346
6 13 82 129 211 281 365
6 12 65 146 216 300 356
6 11 81 151 235 291 330
6 10 86 170 226 265 331
6 9 105 161 200 266 355
6 8 96 135 201 290 376
6 7 70 136 225 311 372
6 6 71 160 246 307 324
6 4 116 177 194 285 326
6 3 112 192 220 261 358
6 2 127 155 196 293 374
6 64 90 131 228 309 344
6 63 66 163 244 279 353
6 62 98 179 214 288 366
6 61 114 149 223 301 345
6 60 84 158 236 280 373
6 59 93 171 215 308 375
6 58 106 150 243 310 357
6 57 85 178 245 292 364
6 56 113 180 227 299 328
6 55 115 162 234 263 379
6 54 97 169 198 314 322
6 53 104 133 249 320 380
6 51 119 190 250 262 349
6 50 125 185 197 284 367
6 49 120 132 219 302 352
6 48 67 154 237 287 339
6 47 89 172 222 274 370
6 46 107 157 209 305 382
6 45 92 144 240 317 333
6 44 79 175 252 268 377
6 43 110 187 203 312 354
6 42 122 138 247 289 343
6 41 73 182 224 278 347
6 40 117 159 213 282 340
6 39 94 148 217 275 351
6 38 83 152 210 286 323
6 37 87 145 221 258 378
6 36 80 156 256 313 332
6 35 91 191 248 267 329
6 34 126 183 202 264 363
6 1 76 141 206 271 336
6 63 110 162 195 272 351
6 62 97 130 207 286 332
6 61 128 142 221 267 372
6 60 77 156 202 307 361
6 59 91 137 242 296 365
6 58 72 177 231 300 358
6 57 112 166 235 293 369
6 56 101 170 228 304 341
6 55 105 163 239 276 333
6 54 98 174 211 268 350
6 53 109 146 203 285 347
6 52 81 138 220 282 381
6 51 73 155 217 316 338
6 50 90 152 251 273 324
6 47 78 192 247 278 326
6 46 127 182 213 261 356
6 45 117 148 196 291 379
6 44 83 131 226 314 352
6 43 66 161 249 287 336
6 42 96 184 222 271 339
6 40 92 141 209 315 355
6 39 76 144 250 290 353
6 38 79 185 225 288 378
6 36 95 158 248 258 366
6 35 93 183 256 301 360
6 34 118 191 236 295 321
6 32 106 165 193 294 364
6 31 100 129 229 299 383
6 29 99 169 253 309 348
6 28 104 188 244 283 349
6 27 123 179 218 284 373
6 26 114 153 219 308 331
6 25 88 154 243 266 327
6 24 89 178 201 262 342
6 23 113 136 197 277 368
6 22 71 132 212 303 344
6 19 108 149 246 264 362
6 18 84 181 199 297 371
6 17 116 134 232 306 384
6 16 69 167 241 319 363
6 15 102 176 254 298 328
6 14 111 189 233 263 330
6 13 124 168 198 265 375
6 12 103 133 200 310 382
6 10 70 180 252 281 334
6 9 115 187 216 269 340
6 8 122 151 204 275 335
6 7 86 139 210 270 345
6 6 74 145 205 280 367
6 5 80 140 215 302 322
6 4 75 150 237 320 370
6 3 85 172 255 305 357
6 2 107 190 240 292 325
6 1 94 159 224 289 354
6 19 111 168 250 312 348
6 18 103 185 247 283 368
6 17 120 182 218 303 354
6 16 117 153 238 289 344
6 15 88 173 224 279 373
6 14 108 159 214 308 356
6 13 94 149 243 291 323
6 12 84 178 226 258 346
6 11 113 161 256 281 382
6 10 96 191 216 317 366
6 8 86 187 236 304 347
6 7 122 171 239 282 322
6 6 106 174 217 320 383
6 5 109 152 255 318 345
6 4 87 190 253 280 353
6 3 125 188 215 288 333
6 2 123 150 223 268 327
6 63 93 138 197 257 326
6 62 73 132 193 261 331
6 61 67 129 196 266 350
6 60 65 131 201 285 341
6 58 71 155 211 313 379
6 57 90 146 248 314 340
6 56 81 183 249 275 361
6 54 119 145 231 292 372
6 52 101 162 242 270 374
6 51 97 177 205 309 343
6 50 112 140 244 278 359
6 48 114 148 229 264 338
6 47 83 164 199 273 351
6 46 99 134 208 286 330
6 45 69 143 221 265 358
6 44 78 156 200 293 360
6 43 91 135 228 295 342
6 42 70 163 230 277 349
6 41 98 165 212 284 376
6 40 100 147 219 311 364
6 39 82 154 246 299 370
6 38 89 181 234 305 365
6 37 116 169 240 300 375
6 36 104 175 235 310 334
6 35 110 170 245 269 352
6 34 105 180 204 287 337
6 33 115 139 222 272 324
6 31 92 142 194 290 367
6 30 77 192 225 302 381
6 29 127 160 237 316 362
6 27 107 186 232 274 328
6 25 102 144 198 267 325
6 24 79 133 202 260 336
6 23 68 137 195 271 371
6 22 72 130 206 306 363
6 21 128 141 241 298 380
6 20 76 176 233 315 377
6 1 124 189 254 319 384
6 36 92 192 249 268 330
6 35 127 184 203 265 364
6 34 119 138 200 299 384
6 32 70 169 254 305 360
6 31 104 189 240 295 326
6 28 100 131 242 274 362
6 27 66 177 209 297 335
6 26 112 144 232 270 382
6 25 79 167 205 317 322
6 24 102 140 252 320 363
6 23 75 187 255 298 338
6 22 122 190 233 273 336
6 21 125 168 208 271 361
6 19 78 141 231 304 349
6 18 76 166 239 284 343
6 17 101 174 219 278 321
6 16 109 154 213 257 342
6 15 89 148 193 277 347
6 14 83 129 212 282 366
6 13 65 147 217 301 357
6 10 106 162 201 267 356
6 8 71 137 226 312 373
6 7 72 161 247 308 325
6 6 96 182 243 260 351
6 5 117 178 195 286 327
6 4 113 130 221 262 359
6 3 128 156 197 294 375
6 2 91 132 229 310 345
6 63 99 180 215 289 367
6 62 115 150 224 302 346
6 61 85 159 237 281 374
6 60 94 172 216 309 376
6 59 107 151 244 311 358
6 58 86 179 246 293 365
6 57 114 181 228 300 329
6 56 116 163 235 264 380
6 55 98 170 199 315 323
6 54 105 134 250 258 381
6 53 69 185 256 316 328
6 52 120 191 251 263 350
6 51 126 186 198 285 368
6 50 121 133 220 303 353
6 49 68 155 238 288 340
6 47 108 158 210 306 383
6 46 93 145 241 318 334
6 45 80 176 253 269 378
6 44 111 188 204 313 355
6 43 123 139 248 290 344
6 42 74 183 225 279 348
6 40 95 149 218 276 352
6 39 84 153 211 287 324
6 38 88 146 222 259 379
6 1 77 142 207 272 337
6 29 107 145 194 262 368
6 27 127 132 238 278 341
6 25 108 148 211 301 374
6 24 83 146 236 309 354
6 23 81 171 244 289 348
6 22 106 179 224 283 321
6 21 114 159 218 257 347
6 20 94 153 193 282 352
6 19 88 129 217 287 371
6 18 65 152 222 306 362
6 17 87 157 241 297 336
6 16 92 176 232 271 337
6 15 111 167 206 272 361
6 14 102 141 207 296 382
6 13 76 142 231 317 378
6 12 77 166 252 313 330
6 11 101 187 248 265 356
6 10 122 183 200 291 332
6 8 70 161 202 299 380
6 7 96 137 234 315 350
6 6 72 169 250 285 359
6 5 104 185 220 294 372
6 3 90 164 242 286 379
6 2 99 177 221 314 381
6 64 112 156 249 316 363
6 63 91 184 251 298 370
6 62 119 186 233 305 334
6 61 121 168 240 269 322
6 60 103 175 204 320 328
6 59 110 139 255 263 323
6 58 74 190 198 258 333
6 57 125 133 256 268 355
6 56 68 191 203 290 373
6 55 126 138 225 308 358
6 54 73 160 243 293 345
6 53 95 178 228 280 376
6 52 113 163 215 311 325
6 51 98 150 246 260 339
6 50 85 181 195 274 383
6 49 116 130 209 318 360
6 48 128 144 253 295 349
6 47 79 188 230 284 353
6 46 123 165 219 288 346
6 45 100 154 223 281 357
6 44 89 158 216 292 329
6 43 93 151 227 264 384
6 42 86 162 199 319 338
6 41 97 134 254 273 335
6 40 69 189 208 270 369
6 39 124 143 205 304 326
6 38 78 140 239 261 375
6 37 75 174 196 310 365
6 36 109 131 245 300 331
6 35 66 180 235 266 377
6 34 115 170 201 312 344
6 33 105 136 247 279 367
6 32 71 182 214 302 340
6 31 117 149 237 275 324
6 10 79 129 208 278 362
6 22 85 151 240 263 324
6 19 68 192 209 300 341
6 18 127 144 235 276 373
6 17 79 170 211 308 326
6 16 105 146 243 261 359
6 15 81 178 196 294 368
6 14 113 131 229 303 381
6 13 66 164 238 316 360
6 12 99 173 251 295 325
6 10 121 165 195 262 372
6 9 100 130 197 307 379
6 8 128 132 242 314 343
6 7 67 177 249 278 331
6 6 112 184 213 266 337
6 5 119 148 201 272 332
6 3 71 142 202 277 364
6 2 77 137 212 299 382
6 63 82 169 252 302 354
6 62 104 187 237 289 322
6 61 122 172 224 320 334
6 60 107 159 255 269 348
6 59 94 190 204 283 329
6 58 125 139 218 264 369
6 57 74 153 199 304 358
6 56 88 134 239 293 362
6 55 69 174 228 297 355
6 54 109 163 232 290 366
6 53 98 167 225 301 338
6 52 102 160 236 273 330
6 51 95 171 208 265 347
6 50 106 143 200 282 344
6 49 78 135 217 279 378
6 47 87 149 248 270 384
6 46 84 183 205 319 374
6 45 118 140 254 309 340
6 44 75 189 244 275 323
6 43 124 179 210 258 353
6 42 114 145 256 288 376
6 41 80 191 223 311 349
6 40 126 158 246 284 333
6 39 93 181 219 268 336
6 38 116 154 203 271 377
6 37 89 138 206 312 352
6 36 73 141 247 287 350
6 35 76 182 222 285 375
6 34 117 157 220 310 383
6 32 90 180 253 298 357
6 31 115 188 233 292 321
6 29 103 162 193 291 361
6 28 97 129 226 296 380
6 27 65 161 231 315 371
6 26 96 166 250 306 345
6 25 101 185 241 280 346
6 24 120 176 215 281 370
6 23 111 150 216 305 328
6 1 91 156 221 286 351
6 32 84 133 201 307 347
6 31 68 136 242 282 345
6 30 71 177 217 280 370
6 29 112 152 215 305 378
6 28 87 150 240 313 358
6 27 85 175 248 293 352
6 26 110 183 228 287 321
6 25 118 163 222 257 351
6 24 98 157 193 286 356
6 23 92 129 221 291 375
6 22 65 156 226 310 366
6 21 91 161 245 301 340
6 20 96 180 236 275 341
6 19 115 171 210 276 365
6 18 106 145 211 300 323
6 17 80 146 235 258 382
6 15 105 191 252 269 360
6 14 126 187 204 295 336
6 13 122 139 230 271 368
6 11 100 141 238 319 354
6 10 76 173 254 289 363
6 9 108 189 224 298 376
6 8 124 159 233 311 355
6 7 94 168 246 290 383
6 6 103 181 225 318 322
6 5 116 160 253 320 367
6 4 95 188 255 302 374
6 3 123 190 237 309 338
6 2 125 172 244 273 326
6 62 78 131 202 262 337
6 61 66 137 197 272 359
6 60 72 132 207 294 377
6 59 67 142 229 312 362
6 58 77 164 247 297 349
6 57 99 182 232 284 380
6 56 117 167 219 315 329
6 54 89 185 199 278 324
6 52 69 148 194 299 353
6 51 83 192 234 288 357
6 50 127 169 223 292 350
6 49 104 158 227 285 361
6 48 93 162 220 296 333
6 47 97 155 231 268 325
6 46 90 166 203 260 342
6 45 101 138 195 277 339
6 44 73 130 212 274 373
6 43 128 147 209 308 330
6 42 82 144 243 265 379
6 41 79 178 200 314 369
6 40 113 135 249 304 335
6 39 70 184 239 270 381
6 38 119 174 205 316 348
6 37 109 140 251 283 371
6 36 75 186 218 306 344
6 35 121 153 241 279 328
6 34 88 176 214 263 331
6 33 111 149 198 266 372
6 1 86 151 216 281 346
6 14 119 139 252 304 337
6 13 74 187 239 272 349
6 11 109 142 219 298 344
6 10 77 154 233 279 384
6 8 103 149 254 308 377
6 7 84 189 243 312 370
6 6 124 178 247 305 381
6 5 113 182 240 316 353
6 4 117 175 251 288 345
6 2 121 158 215 297 359
6 64 93 150 232 294 330
6 62 102 164 200 285 336
6 61 99 135 220 271 326
6 59 90 141 196 290 338
6 58 76 131 225 273 368
6 57 66 160 208 303 328
6 56 95 143 238 263 364
6 55 78 173 198 299 348
6 53 68 169 218 286 329
6 52 104 153 221 264 367
6 51 88 156 199 302 365
6 50 91 134 237 300 327
6 49 69 172 235 262 335
6 48 107 170 197 270 378
6 47 105 132 205 313 372
6 46 67 140 248 307 321
6 45 75 183 242 257 371
6 44 118 177 193 306 376
6 43 112 129 241 311 332
6 42 65 176 246 267 323
6 41 111 181 202 258 360
6 40 116 137 256 295 361
6 39 72 191 230 296 322
6 38 126 165 231 320 343
6 37 100 166 255 278 339
6 36 101 190 213 274 354
6 35 125 148 209 289 380
6 34 83 144 224 315 356
6 33 79 159 250 291 325
6 32 94 185 226 260 341
6 31 120 161 195 276 374
6 30 96 130 211 309 383
6 29 128 146 244 318 333
6 28 81 179 253 268 375
6 27 114 188 203 310 340
6 26 123 138 245 275 342
6 25 73 180 210 277 324
6 24 115 145 212 259 331
6 22 82 192 201 293 346
6 21 127 136 228 281 352
6 20 71 163 216 287 347
6 19 98 151 222 282 357
6 18 86 157 217 292 379
6 16 87 162 249 269 382
6 15 97 184 204 317 369
6 46 68 150 212 311 333
6 45 85 147 246 268 382
6 44 82 181 203 317 372
6 43 116 138 252 307 338
6 42 73 187 242 273 384
6 41 122 177 208 319 351
6 40 112 143 254 286 374
6 39 78 189 221 309 347
6 38 124 156 244 282 331
6 36 114 152 201 269 375
6 35 87 136 204 310 350
6 34 71 139 245 285 348
6 33 74 180 220 283 373
6 32 115 155 218 308 381
6 31 90 153 243 316 361
6 30 88 178 251 296 355
6 29 113 186 231 290 321
6 27 101 160 193 289 359
6 26 95 129 224 294 378
6 25 65 159 229 313 369
6 24 94 164 248 304 343
6 23 99 183 239 278 344
6 21 109 148 214 303 326
6 20 83 149 238 261 322
6 19 84 173 196 320 337
6 18 108 131 255 272 363
6 17 66 190 207 298 339
6 15 77 168 209 306 324
6 14 103 144 241 259 357
6 13 79 176 194 292 366
6 12 111 192 227 301 379
6 10 97 171 249 293 323
6 9 106 184 228 258 325
6 8 119 163 256 260 370
6 7 98 191 195 305 377
6 6 126 130 240 312 341
6 5 128 175 247 276 329
6 4 110 182 211 264 335
6 3 117 146 199 270 330
6 2 81 134 205 265 340
6 64 69 140 200 275 362
6 62 70 145 232 315 365
6 60 102 185 235 287 383
6 59 120 170 222 318 332
6 58 105 157 253 267 346
6 57 92 188 202 281 327
6 56 123 137 216 262 367
6 54 86 132 237 291 360
6 53 67 172 226 295 353
6 52 107 161 230 288 364
6 51 96 165 223 299 336
6 50 100 158 234 271 328
6 49 93 169 206 263 345
6 48 104 141 198 280 342
6 47 76 133 215 277 376
6 1 89 154 219 284 349
6 2 82 161 207 312 366
6 64 96 142 247 301 370
6 63 77 182 236 305 363
6 62 117 171 240 298 374
6 59 103 179 216 273 355
6 58 114 151 208 290 352
6 57 86 143 225 287 323
6 56 78 160 222 258 343
6 53 126 148 199 317 348
6 52 83 134 252 283 331
6 51 69 187 218 266 361
6 50 122 153 201 296 384
6 48 71 166 254 292 341
6 46 124 162 211 279 322
6 45 97 146 214 320 360
6 44 81 149 255 295 358
6 43 84 190 230 293 383
6 42 125 165 228 318 328
6 41 100 163 253 263 371
6 40 98 188 198 306 365
6 39 123 133 241 300 321
6 38 68 176 235 257 364
6 37 111 170 193 299 369
6 36 105 129 234 304 325
6 35 65 169 239 260 379
6 34 104 174 195 314 353
6 33 109 130 249 288 354
6 32 128 184 223 289 378
6 31 119 158 224 313 336
6 30 93 159 248 271 332
6 29 94 183 206 267 347
6 28 118 141 202 282 373
6 27 76 137 217 308 349
6 26 72 152 243 284 381
6 25 87 178 219 316 334
6 24 113 154 251 269 367
6 22 121 139 237 311 326
6 19 116 131 238 268 335
6 18 66 173 203 270 380
6 17 108 138 205 315 324
6 16 73 140 250 259 351
6 15 75 185 194 286 339
6 14 120 192 221 274 345
6 13 127 156 209 280 340
6 12 91 144 215 275 350
6 11 79 150 210 285 372
6 10 85 145 220 307 327
6 8 90 177 197 310 362
6 7 112 132 245 297 330
6 6 67 180 232 265 342
6 5 115 167 200 277 356
6 1 99 164 229 294 359
6 26 113 187 202 309 339
6 25 122 137 244 274 341
6 23 114 144 211 258 330
6 22 79 146 256 265 357
6 21 81 191 200 292 345
6 19 70 162 215 286 346
6 18 97 150 221 281 356
6 17 85 156 216 291 378
6 15 86 161 248 268 381
6 14 96 183 203 316 368
6 13 118 138 251 303 336
6 12 73 186 238 271 348
6 10 108 141 218 297 343
6 9 76 153 232 278 383
6 8 88 167 213 318 372
6 7 102 148 253 307 376
6 6 83 188 242 311 369
6 5 123 177 246 304 380
6 4 112 181 239 315 352
6 3 116 174 250 287 344
6 2 109 185 222 279 361
6 63 92 149 231 293 329
6 62 84 166 228 264 349
6 61 101 163 199 284 335
6 60 98 134 219 270 325
6 59 69 154 205 260 354
6 58 89 140 195 289 337
6 57 75 130 224 272 367
6 56 128 159 207 302 327
6 55 94 142 237 262 363
6 54 77 172 197 298 347
6 53 107 132 233 282 350
6 52 67 168 217 285 328
6 51 103 152 220 263 366
6 50 87 155 198 301 364
6 49 90 133 236 299 326
6 47 106 169 196 269 377
6 46 104 131 204 312 371
6 45 66 139 247 306 321
6 44 74 182 241 257 370
6 43 117 176 193 305 375
6 42 111 129 240 310 331
6 40 110 180 201 320 359
6 39 115 136 255 294 360
6 38 71 190 229 295 384
6 36 99 165 254 277 338
6 35 100 189 212 273 353
6 34 124 147 208 288 379
6 32 78 158 249 290 324
6 31 93 184 225 259 340
6 29 95 192 210 308 382
6 28 127 145 243 317 332
6 27 80 178 252 267 374
6 8 78 148 232 288 327
6 46 74 167 234 281 353
6 45 102 169 216 288 380
6 43 86 158 250 303 374
6 42 93 185 238 309 369
6 41 120 173 244 304 379
6 40 108 179 239 314 338
6 39 114 174 249 273 356
6 38 109 184 208 291 341
6 36 78 161 211 263 359
6 35 96 146 198 294 371
6 34 81 133 229 306 322
6 33 68 164 241 320 366
6 32 99 176 255 301 343
6 31 111 190 236 278 332
6 29 106 148 202 271 329
6 28 83 137 206 264 340
6 27 72 141 199 275 375
6 26 76 134 210 310 367
6 25 69 145 245 302 384
6 24 80 180 237 319 381
6 23 115 172 254 316 352
6 22 107 189 251 287 372
6 20 121 157 242 293 348
6 19 92 177 228 283 377
6 18 112 163 218 312 360
6 17 98 153 247 295 327
6 15 117 165 197 285 323
6 14 100 132 220 258 370
6 13 67 155 256 305 373
6 12 90 191 240 308 351
6 11 126 175 243 286 326
6 10 110 178 221 261 324
6 9 113 156 196 259 349
6 8 91 131 194 284 357
6 7 66 192 219 292 337
6 6 127 154 227 272 331
6 5 89 162 207 266 321
6 4 97 142 201 257 330
6 3 77 136 193 265 335
6 2 71 129 200 270 354
6 64 65 135 205 289 345
6 62 75 159 215 317 383
6 61 94 150 252 318 344
6 60 85 187 253 279 365
6 59 122 188 214 300 361
6 58 123 149 235 296 376
6 56 105 166 246 274 378
6 55 101 181 209 313 347
6 54 116 144 248 282 363
6 53 79 183 217 298 333
6 51 87 168 203 277 355
6 50 103 138 212 290 334
6 49 73 147 225 269 362
6 47 95 139 232 299 346
6 7 83 167 223 262 328
6 25 110 192 254 290 375
6 24 127 189 225 310 361
6 22 95 180 231 286 380
6 21 115 166 221 315 363
6 20 101 156 250 298 330
6 19 91 185 233 265 353
6 18 120 168 200 288 326
6 16 70 158 196 308 376
6 15 93 131 243 311 354
6 14 66 178 246 289 329
6 13 113 181 224 264 327
6 12 116 159 199 262 352
6 11 94 134 197 287 360
6 10 69 132 222 295 340
6 8 92 165 210 269 321
6 7 100 145 204 257 333
6 6 80 139 193 268 338
6 5 74 129 203 273 357
6 4 65 138 208 292 348
6 2 78 162 218 320 323
6 64 97 153 255 258 347
6 63 88 190 256 282 368
6 61 126 152 238 299 379
6 59 108 169 249 277 381
6 58 104 184 212 316 350
6 57 119 147 251 285 366
6 56 82 186 220 301 336
6 55 121 155 236 271 345
6 53 106 141 215 293 337
6 52 76 150 228 272 365
6 51 85 163 207 300 367
6 50 98 142 235 302 349
6 49 77 170 237 284 356
6 48 105 172 219 291 383
6 47 107 154 226 318 371
6 46 89 161 253 306 377
6 45 96 188 241 312 372
6 44 123 176 247 307 382
6 43 111 182 242 317 341
6 42 117 177 252 276 359
6 41 112 187 211 294 344
6 40 122 146 229 279 331
6 38 99 149 201 297 374
6 37 84 136 232 309 325
6 36 71 167 244 260 369
6 35 102 179 195 304 346
6 34 114 130 239 281 335
6 33 128 174 216 270 339
6 32 109 151 205 274 332
6 29 79 137 213 313 370
6 28 72 148 248 305 324
6 27 83 183 240 259 384
6 6 102 158 197 263 352
6 26 93 170 249 295 337
6 25 105 184 230 272 326
6 24 119 165 207 261 330
6 23 100 142 196 265 323
6 22 77 131 200 258 334
6 20 70 191 204 304 361
6 19 126 139 239 296 378
6 18 74 174 231 313 375
6 17 109 166 248 310 346
6 16 101 183 245 281 366
6 15 118 180 216 301 352
6 14 115 151 236 287 342
6 13 86 171 222 277 371
6 12 106 157 212 306 354
6 11 92 147 241 289 384
6 10 82 176 224 319 344
6 9 111 159 254 279 380
6 8 94 189 214 315 364
6 7 124 149 250 299 367
6 6 84 185 234 302 345
6 5 120 169 237 280 383
6 4 104 172 215 318 381
6 3 107 150 253 316 343
6 2 85 188 251 278 351
6 63 121 148 221 266 325
6 62 83 156 201 260 321
6 60 71 130 193 259 329
6 59 128 129 194 264 348
6 58 65 192 199 283 339
6 57 127 134 218 274 376
6 56 69 153 209 311 377
6 55 88 144 246 312 338
6 54 79 181 247 273 359
6 53 116 182 208 294 355
6 51 78 164 225 305 333
6 50 99 160 240 268 372
6 47 73 177 211 292 327
6 46 112 146 227 262 336
6 45 81 162 197 271 349
6 44 97 132 206 284 328
6 43 67 141 219 263 356
6 42 76 154 198 291 358
6 41 89 133 226 293 340
6 40 68 161 228 275 347
6 39 96 163 210 282 374
6 38 98 145 217 309 362
6 36 87 179 232 303 363
6 35 114 167 238 298 373
6 34 102 173 233 308 332
6 33 108 168 243 267 350
6 32 103 178 202 285 335
6 31 113 137 220 270 322
6 30 72 155 205 320 353
6 29 90 140 255 288 365
6 28 75 190 223 300 379
6 27 125 158 235 314 360
6 5 93 132 198 287 373
6 45 104 167 194 267 375
6 44 102 192 202 310 369
6 43 127 137 245 304 321
6 42 72 180 239 257 368
6 41 115 174 193 303 373
6 40 109 129 238 308 329
6 39 65 173 243 264 383
6 38 108 178 199 318 357
6 37 113 134 253 292 358
6 36 69 188 227 293 382
6 35 123 162 228 317 340
6 34 97 163 252 275 336
6 33 98 187 210 271 351
6 32 122 145 206 286 377
6 31 80 141 221 312 353
6 30 76 156 247 288 322
6 29 91 182 223 320 338
6 28 117 158 255 273 371
6 27 93 190 208 306 380
6 26 125 143 241 315 330
6 25 78 176 250 265 372
6 24 111 185 200 307 337
6 22 70 177 207 274 384
6 21 112 142 209 319 328
6 20 77 144 254 263 355
6 19 79 189 198 290 343
6 18 124 133 225 278 349
6 16 95 148 219 279 354
6 15 83 154 214 289 376
6 14 89 149 224 311 331
6 13 84 159 246 266 379
6 12 94 181 201 314 366
6 11 116 136 249 301 334
6 10 71 184 236 269 346
6 8 106 139 216 295 341
6 7 74 151 230 276 381
6 6 86 165 211 316 370
6 5 100 146 251 305 374
6 4 81 186 240 309 367
6 2 110 179 237 313 350
6 64 114 172 248 285 342
6 63 107 183 220 277 359
6 62 118 155 212 294 356
6 59 99 161 197 282 333
6 58 96 132 217 268 323
6 57 67 152 203 258 352
6 56 87 138 256 287 335
6 55 73 191 222 270 365
6 54 126 157 205 300 325
6 53 92 140 235 260 361
6 52 75 170 195 296 345
6 51 105 130 231 280 348
6 50 128 166 215 283 326
6 49 101 150 218 261 364
6 48 85 153 196 299 362
6 46 66 169 232 259 332
6 50 65 184 254 275 331
6 49 119 189 210 266 368
6 48 124 145 201 303 369
6 47 80 136 238 304 330
6 46 71 173 239 265 351
6 45 108 174 200 286 347
6 44 109 135 221 282 362
6 43 70 156 217 297 325
6 42 91 152 232 260 364
6 41 87 167 195 299 333
6 40 102 130 234 268 349
6 39 128 169 203 284 382
6 38 104 138 219 317 328
6 37 73 154 252 263 341
6 36 89 187 198 276 383
6 35 122 133 211 318 348
6 34 68 146 253 283 350
6 33 81 188 218 285 332
6 32 123 153 220 267 339
6 31 88 155 202 274 366
6 29 72 144 236 289 360
6 28 79 171 224 295 355
6 27 106 159 230 290 365
6 26 94 165 225 300 324
6 25 100 160 235 259 342
6 24 95 170 194 277 327
6 23 105 192 212 262 377
6 22 127 147 197 312 345
6 21 82 132 247 280 357
6 20 67 182 215 292 371
6 19 117 150 227 306 352
6 18 85 162 241 287 329
6 17 97 176 222 264 381
6 16 111 157 199 316 322
6 15 92 134 251 320 378
6 14 69 186 255 313 326
6 13 121 190 248 261 361
6 11 118 131 231 288 370
6 10 66 166 223 305 367
6 9 101 158 240 302 338
6 8 93 175 237 273 358
6 7 110 172 208 293 344
6 6 107 143 228 279 334
6 5 78 163 214 269 363
6 4 98 149 204 298 346
6 3 84 139 233 281 376
6 2 74 168 216 311 336
6 64 103 151 246 271 372
6 62 116 141 242 291 359
6 61 76 177 226 294 337
6 60 112 161 229 272 375
6 59 96 164 207 310 373
6 58 99 142 245 308 335
6 57 77 180 243 270 343
6 56 115 178 205 278 323
6 55 113 140 213 258 380
6 53 83 191 250 257 379
6 52 126 185 193 314 384
6 51 120 129 249 319 340
6 3 68 157 243 304 384
6 25 76 168 221 292 352
6 24 103 156 227 287 362
6 22 97 157 232 319 339
6 21 92 167 254 274 324
6 19 124 144 194 309 342
6 18 79 192 244 277 354
6 17 127 179 212 289 368
6 16 114 147 224 303 349
6 15 82 159 238 284 326
6 14 94 173 219 261 378
6 12 89 131 248 317 375
6 11 66 183 252 310 323
6 10 118 187 245 258 358
6 9 122 180 256 293 350
6 8 115 191 228 285 367
6 7 126 163 220 302 364
6 6 98 155 237 299 335
6 4 107 169 205 290 341
6 3 104 140 225 276 331
6 2 75 160 211 266 360
6 64 95 146 201 295 343
6 62 71 165 213 308 333
6 61 100 148 243 268 369
6 60 83 178 203 304 353
6 59 113 138 239 288 356
6 57 109 158 226 269 372
6 56 93 161 204 307 370
6 55 96 139 242 305 332
6 54 74 177 240 267 340
6 53 112 175 202 275 383
6 51 72 145 253 312 321
6 50 80 188 247 257 376
6 49 123 182 193 311 381
6 48 117 129 246 316 337
6 47 65 181 251 272 328
6 46 116 186 207 263 365
6 45 121 142 198 300 366
6 44 77 133 235 301 327
6 43 68 170 236 262 348
6 42 105 171 197 283 344
6 41 106 132 218 279 359
6 40 67 153 214 294 322
6 39 88 149 229 320 361
6 38 84 164 255 296 330
6 37 99 190 231 265 346
6 36 125 166 200 281 379
6 35 101 135 216 314 325
6 34 70 151 249 260 338
6 33 86 184 195 273 380
6 32 119 130 208 315 345
6 31 128 143 250 280 347
6 30 78 185 215 282 329
6 29 120 150 217 264 336
6 28 85 152 199 271 363
6 27 87 134 206 298 351
6 2 92 178 239 319 347
6 64 113 174 254 282 323
6 19 121 169 201 289 327
6 18 104 136 224 262 374
6 17 71 159 197 309 377
6 16 94 132 244 312 355
6 15 67 179 247 290 330
6 14 114 182 225 265 328
6 13 117 160 200 263 353
6 12 95 135 198 288 361
6 10 68 158 231 276 335
6 9 93 166 211 270 321
6 8 101 146 205 257 334
6 7 81 140 193 269 339
6 6 75 129 204 274 358
6 5 65 139 209 293 349
6 4 74 144 228 284 323
6 3 79 163 219 258 324
6 2 98 154 256 259 348
6 63 126 192 218 304 365
6 62 127 153 239 300 380
6 59 105 185 213 317 351
6 58 120 148 252 286 367
6 57 83 187 221 302 337
6 56 122 156 237 272 346
6 55 91 172 207 281 359
6 54 107 142 216 294 338
6 53 77 151 229 273 366
6 52 86 164 208 301 368
6 50 78 171 238 285 357
6 49 106 173 220 292 384
6 46 97 189 242 313 373
6 45 124 177 248 308 383
6 44 112 183 243 318 342
6 43 118 178 253 277 360
6 42 113 188 212 295 345
6 40 82 165 215 267 363
6 39 100 150 202 298 375
6 38 85 137 233 310 326
6 36 103 180 196 305 347
6 35 115 131 240 282 336
6 34 66 175 217 271 340
6 32 87 141 210 268 344
6 31 76 145 203 279 379
6 30 80 138 214 314 371
6 29 73 149 249 306 325
6 28 84 184 241 260 322
6 27 119 176 195 320 356
6 26 111 130 255 291 376
6 63 109 189 217 258 355
6 24 125 161 246 297 352
6 62 124 152 256 290 371
6 22 116 167 222 316 364
6 61 87 191 225 306 341
6 60 126 160 241 276 350
6 29 82 180 254 269 376
6 27 124 139 246 276 343
6 26 74 181 211 278 325
6 25 116 146 213 260 332
6 24 81 148 195 267 359
6 23 83 130 202 294 347
6 22 128 137 229 282 353
6 21 72 164 217 288 348
6 19 87 158 218 293 380
6 18 93 153 228 315 335
6 17 88 163 250 270 383
6 16 98 185 205 318 370
6 15 120 140 253 305 338
6 14 75 188 240 273 350
6 13 123 175 208 285 364
6 12 110 143 220 299 345
6 10 90 169 215 320 374
6 9 104 150 255 309 378
6 8 85 190 244 313 371
6 7 125 179 248 306 382
6 6 114 183 241 317 354
6 5 118 176 252 289 346
6 4 111 187 224 281 363
6 3 122 159 216 298 360
6 2 94 151 233 295 331
6 63 103 165 201 286 337
6 62 100 136 221 272 327
6 61 71 156 207 262 356
6 60 91 142 197 291 339
6 59 77 132 226 274 369
6 58 67 161 209 304 329
6 57 96 144 239 264 365
6 56 79 174 199 300 349
6 55 109 134 235 284 352
6 54 69 170 219 287 330
6 53 105 154 222 265 368
6 52 89 157 200 303 366
6 51 92 135 238 301 328
6 50 70 173 236 263 336
6 49 108 171 198 271 379
6 47 68 141 249 308 321
6 46 76 184 243 257 372
6 45 119 178 193 307 377
6 44 113 129 242 312 333
6 43 65 177 247 268 324
6 42 112 182 203 259 361
6 41 117 138 194 296 362
6 40 73 192 231 297 323
6 39 127 166 232 258 344
6 38 101 167 256 279 340
6 59 95 176 211 285 363
6 58 111 146 220 298 342
6 57 81 155 233 277 370
6 56 90 168 212 305 372
6 54 82 175 242 289 361
6 53 110 177 224 296 325
6 38 107 129 236 306 327
6 37 65 171 241 262 381
6 36 106 176 197 316 355
6 35 111 132 251 290 356
6 34 67 186 225 291 380
6 32 95 161 250 273 334
6 31 96 185 208 269 349
6 29 78 139 219 310 351
6 28 74 154 245 286 383
6 27 89 180 221 318 336
6 26 115 156 253 271 369
6 25 91 188 206 304 378
6 24 123 141 239 313 328
6 23 76 174 248 263 370
6 22 109 183 198 305 335
6 21 118 133 240 270 337
6 19 110 140 207 317 326
6 18 75 142 252 261 353
6 17 77 187 196 288 341
6 16 122 131 223 276 347
6 15 66 158 211 282 342
6 14 93 146 217 277 352
6 13 81 152 212 287 374
6 10 92 179 199 312 364
6 9 114 134 247 299 332
6 8 69 182 234 267 344
6 7 117 169 202 279 358
6 6 104 137 214 293 339
6 5 72 149 228 274 379
6 3 98 144 249 303 372
6 2 79 184 238 307 365
6 64 119 173 242 300 376
6 63 108 177 235 311 348
6 62 112 170 246 283 340
6 61 105 181 218 275 357
6 60 116 153 210 292 354
6 59 88 145 227 289 325
6 58 80 162 224 260 345
6 57 97 159 195 280 331
6 56 94 130 215 266 384
6 55 128 150 201 319 350
6 54 85 136 254 285 333
6 53 71 189 220 268 363
6 51 90 138 233 258 359
6 50 73 168 256 294 343
6 47 99 148 216 259 362
6 46 83 151 194 297 360
6 45 86 192 232 295 322
6 52 112 159 231 260 376
6 51 94 166 195 311 382
6 50 101 130 246 317 377
6 49 128 181 252 312 324
6 48 116 187 247 259 346
6 47 122 182 194 281 364
6 46 117 192 216 299 349
6 62 106 182 219 276 358
6 61 117 154 211 293 355
6 60 89 146 228 290 326
6 59 81 163 225 261 346
6 58 98 160 196 281 332
6 57 95 131 216 267 322
6 56 66 151 202 320 351
6 55 86 137 255 286 334
6 54 72 190 221 269 364
6 53 125 156 204 299 324
6 51 74 169 194 295 344
6 50 104 192 230 279 347
6 49 127 165 214 282 325
6 48 100 149 217 260 363
6 47 84 152 195 298 361
6 45 128 168 231 258 331
6 43 101 191 201 309 368
6 41 71 179 238 257 367
6 40 114 173 193 302 372
6 39 108 129 237 307 328
6 38 65 172 242 263 382
6 37 107 177 198 317 356
6 36 112 133 252 291 357
6 35 68 187 226 292 381
6 34 122 161 227 316 339
6 33 96 162 251 274 335
6 32 97 186 209 270 350
6 31 121 144 205 285 376
6 30 79 140 220 311 352
6 29 75 155 246 287 384
6 27 116 157 254 272 370
6 26 92 189 207 305 379
6 24 77 175 249 264 371
6 23 110 184 199 306 336
6 22 119 134 241 271 338
6 21 69 176 206 273 383
6 20 111 141 208 318 327
6 19 76 143 253 262 354
6 18 78 188 197 289 342
6 17 123 132 224 277 348
6 16 67 159 212 283 343
6 15 94 147 218 278 353
6 14 82 153 213 288 375
6 13 88 148 223 310 330
6 12 83 158 245 265 378
6 11 93 180 200 313 365
6 10 115 135 248 300 333
6 9 70 183 235 268 345
6 8 118 170 203 280 359
6 7 105 138 215 294 340
6 6 73 150 229 275 380
6 45 127 151 234 284 336
6 44 86 169 219 271 367
6 42 89 141 237 314 330
6 41 76 172 249 265 374
6 40 107 184 200 309 351
6 39 119 135 244 286 340
6 38 70 179 221 275 344
6 14 97 137 200 290 363
6 13 72 135 225 298 343
6 10 103 148 207 257 336
6 8 77 129 206 276 360
6 7 65 141 211 295 351
6 6 76 146 230 286 325
6 5 81 165 221 260 326
6 4 100 156 195 261 350
6 3 91 130 196 285 371
6 2 128 131 220 306 367
6 63 90 176 237 317 345
6 62 111 172 252 280 384
6 61 107 187 215 319 353
6 60 122 150 254 288 369
6 58 124 158 239 274 348
6 57 93 174 209 283 361
6 56 109 144 218 296 340
6 55 79 153 231 275 368
6 53 101 145 238 305 352
6 51 108 175 222 294 323
6 50 110 157 229 258 374
6 47 126 179 250 310 322
6 46 114 185 245 320 344
6 45 120 180 255 279 362
6 44 115 190 214 297 347
6 43 125 149 232 282 334
6 42 84 167 217 269 365
6 40 87 139 235 312 328
6 39 74 170 247 263 372
6 38 105 182 198 307 349
6 36 68 177 219 273 342
6 35 112 154 208 277 335
6 34 89 143 212 270 346
6 33 78 147 205 281 381
6 32 82 140 216 316 373
6 31 75 151 251 308 327
6 30 86 186 243 262 324
6 29 121 178 197 259 358
6 28 113 132 194 293 378
6 27 67 192 228 313 364
6 26 127 163 248 299 354
6 25 98 183 234 289 383
6 24 118 169 224 318 366
6 23 104 159 253 301 333
6 22 94 188 236 268 356
6 21 123 171 203 291 329
6 37 114 156 210 279 337
6 36 91 145 214 272 348
6 35 80 149 207 283 383
6 34 84 142 218 318 375
6 32 108 192 248 287 353
6 31 127 183 222 288 377
6 62 101 149 244 269 370
6 59 74 175 224 292 335
6 58 110 159 227 270 373
6 56 97 140 243 306 333
6 55 75 178 241 268 341
6 54 113 176 203 276 384
6 53 111 138 211 319 378
6 52 73 146 254 313 321
6 51 81 189 248 257 377
6 50 124 183 193 312 382
6 49 118 129 247 317 338
6 48 65 182 252 273 329
6 47 117 187 208 264 366
6 46 122 143 199 301 367
6 45 78 134 236 302 328
6 44 69 171 237 263 349
6 43 106 172 198 284 345
6 42 107 133 219 280 360
6 41 68 154 215 295 323
6 40 89 150 230 258 362
6 38 100 191 232 266 347
6 37 126 167 201 282 380
6 36 102 136 217 315 326
6 34 87 185 196 274 381
6 33 120 131 209 316 346
6 32 66 144 251 281 348
6 31 79 186 216 283 330
6 30 121 151 218 265 337
6 29 86 153 200 272 364
6 27 70 142 234 287 358
6 26 77 169 222 293 353
6 25 104 157 228 288 363
6 24 92 163 223 298 322
6 23 98 158 233 320 340
6 22 93 168 255 275 325
6 20 125 145 195 310 343
6 19 80 130 245 278 355
6 18 128 180 213 290 369
6 17 115 148 225 304 350
6 16 83 160 239 285 327
6 15 95 174 220 262 379
6 14 109 155 197 314 383
6 13 90 132 249 318 376
6 11 119 188 246 259 359
6 10 123 181 194 294 351
6 9 116 192 229 286 368
6 8 127 164 221 303 365
6 7 99 156 238 300 336
6 6 91 173 235 271 356
6 29 92 158 247 270 331
6 28 93 182 205 266 346
6 27 117 140 201 281 372
6 26 75 136 216 307 348
6 25 71 151 242 283 380
6 24 86 177 218 315 333
6 23 112 153 250 268 366
6 63 67 144 223 269 374
6 62 79 158 204 309 363
6 59 114 168 237 295 371
6 57 107 165 241 278 335
6 56 100 176 213 270 352
6 54 83 140 222 284 383
6 53 75 157 219 318 340
6 52 92 154 253 275 326
6 51 89 188 210 261 379
6 50 123 145 196 314 345
6 49 80 131 249 280 328
6 48 66 184 215 263 358
6 47 119 150 198 293 381
6 46 85 133 228 316 354
6 45 68 163 251 289 338
6 44 98 186 224 273 341
6 43 121 159 208 276 382
6 42 94 143 211 317 357
6 41 78 146 252 292 355
6 40 81 187 227 290 380
6 39 122 162 225 315 325
6 37 95 185 195 303 362
6 36 120 130 238 297 321
6 35 128 173 232 257 361
6 34 108 167 193 296 366
6 32 65 166 236 320 376
6 31 101 171 255 311 350
6 30 106 190 246 285 351
6 29 125 181 220 286 375
6 28 116 155 221 310 333
6 27 90 156 245 268 329
6 25 115 138 199 279 370
6 24 73 134 214 305 346
6 23 69 149 240 281 378
6 22 84 175 216 313 331
6 22 88 185 203 301 375
6 21 120 138 236 310 325
6 19 106 180 195 302 332
6 18 115 130 237 267 334
6 17 128 172 202 269 379
6 15 72 139 249 258 350
6 14 74 184 256 285 338
6 13 119 191 220 273 344
6 12 126 155 208 279 339
6 10 78 149 209 284 371
6 9 84 144 219 306 326
6 8 79 154 241 261 374
6 7 89 176 196 309 361
6 6 111 131 244 296 329
6 4 114 166 199 276 355
6 3 101 134 211 290 336
6 2 69 146 225 271 376
6 25 106 161 255 303 335
6 24 96 190 238 270 358
6 22 108 140 228 266 378
6 21 75 163 201 313 381
6 20 98 136 248 316 359
6 19 71 183 251 294 334
6 18 118 186 229 269 332
6 16 99 139 202 292 365
6 15 74 137 227 300 345
6 14 72 162 235 280 339
6 13 97 170 215 274 321
6 12 105 150 209 257 338
6 11 85 144 193 273 343
6 54 94 156 255 277 328
6 52 125 147 198 316 347
6 34 111 153 207 276 334
6 33 88 142 211 269 345
6 32 77 146 204 280 380
6 31 81 139 215 315 372
6 30 74 150 250 307 326
6 29 85 185 242 261 323
6 28 120 177 196 258 357
6 27 112 131 256 292 377
6 26 66 191 227 312 363
6 63 95 141 246 300 369
6 62 76 181 235 304 362
6 61 116 170 239 297 373
6 60 105 174 232 308 345
6 59 109 167 243 280 337
6 58 102 178 215 272 354
6 57 113 150 207 289 351
6 56 85 142 224 286 322
6 55 77 159 221 320 342
6 24 97 182 233 288 382
6 22 103 158 252 300 332
6 21 93 187 235 267 355
6 20 122 170 202 290 328
6 19 105 137 225 263 375
6 18 72 160 198 310 378
6 17 95 133 245 313 356
6 16 68 180 248 291 331
6 60 81 154 199 258 321
6 58 69 191 193 320 327
6 15 115 183 226 266 329
6 13 96 136 199 289 362
6 2 102 170 213 316 379
6 64 105 148 251 314 341
6 63 83 186 249 276 349
6 62 121 184 211 284 329
6 61 119 146 219 264 323
6 57 126 129 255 262 346
6 56 111 165 234 292 368
6 57 71 176 230 299 357
6 1 82 147 212 277 342
6 1 106 171 236 301 366
6 1 105 170 235 300 365
6 1 128 130 195 260 325
6 1 68 133 198 263 328
6 1 122 187 252 317 382
6 1 103 168 233 298 363
6 1 114 179 244 309 374
6 26 69 141 233 286 357
6 1 111 176 241 306 371
6 25 128 190 226 311 362
6 23 96 181 232 287 381
6 21 102 157 251 299 331
6 1 69 134 199 264 329
6 36 126 149 210 290 381
6 35 84 145 225 316 357
6 34 80 160 251 292 326
6 31 97 131 212 310 384
6 1 107 172 237 302 367
6 44 127 167 230 320 330
6 43 102 165 255 265 373
6 40 70 178 237 257 366
6 39 113 172 193 301 371
6 1 101 166 231 296 361
6 4 99 145 250 304 373
6 3 80 185 239 308 366
6 2 120 174 243 301 377
6 64 109 178 236 312 349
6 63 113 171 247 284 341
6 1 102 167 232 297 362
6 20 106 138 226 264 376
6 19 73 161 199 311 379
6 18 96 134 246 314 357
6 17 69 181 249 292 332
6 16 116 184 227 267 330
6 15 119 162 202 265 355
6 1 71 136 201 266 331
6 4 105 141 226 277 332
6 3 76 161 212 267 361
6 2 96 147 202 296 344
6 1 112 177 242 307 372
6 19 118 136 234 308 323
6 17 104 178 256 300 330
6 15 126 170 200 267 377
6 13 70 137 247 319 348
6 12 72 182 254 283 336
6 11 117 189 218 271 342
6 10 124 153 206 277 337
6 9 88 141 212 272 347
6 8 76 147 207 282 369
6 7 82 142 217 304 324
6 6 77 152 239 259 372
6 4 109 192 242 294 327
6 3 127 177 229 262 339
6 2 112 164 197 274 353
6 64 99 132 209 288 334
6 1 96 161 226 291 356
6 43 104 154 206 302 379
6 32 88 188 245 264 326
6 30 115 134 196 295 380
6 29 69 131 230 315 366
6 28 66 165 250 301 356
6 27 100 185 236 291 322
6 53 91 190 212 263 381
6 51 82 133 251 282 330
6 50 68 186 217 265 360
6 49 121 152 200 295 383
6 47 70 165 253 291 340
6 46 100 188 226 275 343
6 45 123 161 210 278 384
6 44 96 145 213 319 359
6 43 80 148 254 294 357
6 42 83 189 229 292 382
6 41 124 164 227 317 327
6 40 99 162 252 262 370
6 39 97 187 197 305 364
6 38 122 132 240 299 321
6 35 104 129 233 303 324
6 34 65 168 238 259 378
6 1 98 163 228 293 358
6 14 118 161 201 264 354
6 12 71 134 224 297 342
6 11 69 159 232 277 336
6 10 94 167 212 271 321
6 8 82 141 193 270 340
6 7 76 129 205 275 359
6 6 65 140 210 294 350
6 5 75 145 229 285 324
6 3 99 155 194 260 349
6 2 90 192 195 284 370
6 64 127 130 219 305 366
6 63 128 154 240 301 381
6 61 110 171 251 279 383
6 59 121 149 253 287 368
6 58 84 188 222 303 338
6 56 92 173 208 282 360
6 52 100 144 237 304 351
6 51 79 172 239 286 358
6 50 107 174 221 293 322
6 49 109 156 228 320 373
6 47 98 190 243 314 374
6 46 125 178 249 309 384
6 45 113 184 244 319 343
6 44 119 179 254 278 361
6 42 124 148 231 281 333
6 41 83 166 216 268 364
6 40 101 151 203 299 376
6 38 73 169 246 262 371
6 37 104 181 197 306 348
6 36 116 132 241 283 337
6 35 67 176 218 272 341
6 1 70 135 200 265 330
6 55 125 132 216 272 374
6 52 77 179 245 271 357
6 51 114 180 206 292 353
6 50 115 141 227 288 368
6 48 97 158 238 266 370
6 47 93 173 201 305 339
6 45 71 175 209 290 325
6 44 110 144 225 260 334
6 43 79 160 195 269 347
6 42 95 130 204 282 326
6 41 128 139 217 261 354
6 40 74 152 196 289 356
6 39 87 131 224 291 338
6 38 66 159 226 273 345
6 37 94 161 208 280 372
6 36 96 143 215 307 360
6 35 78 150 242 295 366
6 34 85 177 230 301 361
6 32 100 171 231 306 330
6 30 101 176 200 283 333
6 29 111 135 218 268 383
6 26 73 188 221 298 377
6 24 91 168 247 293 335
6 23 103 182 228 270 324
6 22 117 163 205 259 328
6 21 98 140 194 263 384
6 20 75 192 198 319 332
6 19 127 133 254 267 367
6 17 124 137 237 294 376
6 15 107 164 246 308 344
6 14 99 181 243 279 364
6 13 116 178 214 299 350
6 12 113 149 234 285 340
6 11 84 169 220 275 369
6 10 104 155 210 304 352
6 9 90 145 239 287 382
6 7 109 157 252 277 378
6 6 92 187 212 313 362
6 5 122 147 248 297 365
6 4 82 183 232 300 343
6 1 120 185 250 315 380
6 55 100 169 227 303 340
6 54 104 162 238 275 332
6 50 72 154 216 315 337
6 48 86 185 207 258 376
6 46 77 191 246 277 325
6 44 116 147 195 290 378
6 43 82 130 225 313 351
6 41 95 183 221 270 338
6 40 118 156 205 273 379
6 38 75 143 249 289 352
6 37 78 184 224 287 377
6 36 119 159 222 312 322
6 35 94 157 247 320 365
6 33 117 190 235 294 321
6 31 105 164 193 293 363
6 29 65 163 233 317 373
6 28 98 168 252 308 347
6 27 103 187 243 282 348
6 25 113 152 218 307 330
6 22 112 135 196 276 367
6 20 66 146 237 278 375
6 17 83 180 198 296 370
6 14 101 175 253 297 327
6 13 110 188 232 262 329
6 12 123 167 197 264 374
6 11 102 132 199 309 381
6 10 67 134 244 316 345
6 9 69 179 251 280 333
6 8 114 186 215 268 339
6 6 85 138 209 269 344
6 5 73 144 204 279 366
6 4 79 139 214 301 384
6 2 84 171 254 304 356
6 63 124 174 226 259 336
6 62 109 161 194 271 350
6 61 96 192 206 285 331
6 59 76 155 201 306 360
6 58 90 136 241 295 364
6 1 93 158 223 288 353
6 38 120 144 227 277 329
6 36 97 147 199 295 372
6 34 69 165 242 258 367
6 33 100 177 256 302 344
6 31 126 172 214 268 337
6 29 84 138 207 265 341
6 27 77 135 211 311 368
6 25 81 181 238 320 382
6 21 122 158 243 294 349
6 20 93 178 229 284 378
6 19 113 164 219 313 361
6 18 99 154 248 296 328
6 17 89 183 231 263 351
6 16 118 166 198 286 324
6 14 68 156 194 306 374
6 13 91 192 241 309 352
6 11 111 179 222 262 325
6 8 67 130 220 293 338
6 7 128 155 228 273 332
6 3 72 129 201 271 355
6 64 71 141 225 281 383
6 57 106 167 247 275 379
6 56 102 182 210 314 348
6 53 119 153 234 269 343
6 51 104 139 213 291 335
6 46 103 170 217 289 381
6 45 105 152 224 316 369
6 43 94 186 239 310 370
6 42 121 174 245 305 380
6 41 109 180 240 315 339
6 1 66 131 196 261 326
6 62 126 190 254 318 382
6 63 127 191 255 319 383
6 61 125 189 253 317 381
6 60 124 188 252 316 380
6 58 122 186 250 314 378
6 1 73 138 203 268 333
6 6 90 163 208 267 321
6 7 121 150 203 274 334
6 8 80 174 222 317 342
6 10 114 157 197 260 350
6 13 108 154 196 313 382
6 19 81 172 213 310 328
6 27 88 138 253 286 363
6 29 110 165 196 307 339
6 34 92 182 255 300 359
6 36 110 169 193 298 368
6 38 97 160 250 260 368
6 40 115 175 250 274 357
6 43 114 189 213 296 346
6 45 126 181 212 260 355
6 50 74 148 226 270 363
6 56 65 190 197 281 337
6 48 69 142 250 309 321
6 33 77 153 253 310 329
6 37 79 162 212 264 360
6 61 93 139 244 298 367
6 57 94 162 205 308 371
6 48 96 140 233 300 347
6 5 98 143 202 257 331
6 42 100 190 200 308 367
6 44 104 151 223 315 368
6 14 105 135 202 312 384
6 60 109 170 250 278 382
6 55 111 148 205 287 349
6 16 113 191 235 265 332
6 24 116 173 255 317 353
6 42 128 160 248 286 335
6 46 87 130 233 296 323
6 60 127 141 220 266 371
6 30 75 144 202 278 378
6 26 70 146 246 303 322
6 25 123 156 233 312 358
6 64 85 158 203 262 321
6 44 87 159 251 304 375
6 49 83 161 205 298 365
6 12 127 176 244 287 327
6 23 88 177 200 261 341
6 26 122 178 217 283 372
6 39 110 185 209 292 342
6 61 86 188 254 280 366
6 28 80 192 197 303 343
6 21 86 175 198 259 339
6 31 123 180 199 261 360
6 20 86 183 201 299 373
6 21 70 131 211 302 343
6 60 123 189 215 301 362
6 63 76 160 216 318 384
6 54 80 184 218 299 334
6 51 80 137 219 281 380
6 15 101 133 221 259 371
6 63 70 140 224 280 382
6 28 121 166 225 257 354
6 30 99 129 228 298 382
6 32 112 191 237 279 333
6 64 106 189 239 291 324
6 25 126 162 247 298 353
6 55 117 145 249 283 364
6 18 71 169 243 258 365
6 21 66 135 256 269 369
6 9 83 142 193 271 341
6 57 123 157 238 273 347
6 32 121 162 196 277 375
6 47 75 168 235 282 354
6 9 92 132 195 285 358
6 23 108 190 252 288 373
6 60 114 139 240 289 357
6 23 125 173 205 293 331
6 49 75 179 213 294 329
6 55 108 143 217 295 339
6 58 103 172 230 306 343
6 62 89 175 236 316 344
6 26 120 171 226 320 368
6 4 80 164 220 259 325
6 24 87 153 242 265 326
6 30 107 149 203 272 330
6 58 85 171 232 312 340
6 62 95 151 253 319 345
6 31 106 166 241 265 348
6 18 107 148 245 263 361
6 3 118 167 235 278 381
6 16 115 133 231 305 383
6 14 78 142 206 270 334
6 15 68 166 240 318 362
6 18 68 189 202 302 359
6 24 72 179 209 276 323
6 25 124 142 240 314 329
6 31 86 140 209 267 343
6 42 126 136 244 303 321
6 46 108 136 240 274 355
6 51 99 143 236 303 350
6 57 84 170 231 311 339
6 58 73 174 223 291 334
6 62 125 191 217 303 364
6 35 71 152 250 261 339
6 49 76 162 223 303 331
6 4 83 136 207 267 342
6 47 101 189 227 276 344
6 33 112 165 236 296 371
6 63 114 143 196 267 327
6 28 115 189 204 311 341
6 12 122 174 207 284 363
6 11 127 162 236 314 358
6 33 102 129 231 301 322
6 47 88 131 234 297 324
6 4 68 132 196 260 324
6 52 91 139 234 259 360
6 52 108 145 202 284 346
6 54 75 148 256 315 321
6 3 74 149 236 319 369
6 59 124 150 236 297 377
6 28 70 153 203 318 351
6 55 102 154 250 264 343
6 26 91 180 203 264 344
6 16 88 182 230 262 350
6 12 125 183 196 296 353
6 21 103 190 210 260 375
6 4 78 137 193 266 336
6 61 91 136 195 257 324
6 55 72 151 197 302 356
6 28 73 142 200 276 376
6 20 68 175 205 272 382
6 4 102 135 212 291 337
6 59 66 136 220 276 378
6 21 121 189 232 272 335
6 61 88 174 235 315 343
6 21 67 147 238 279 376
6 64 66 155 241 302 382
6 41 125 135 243 302 321
6 21 74 172 246 261 368
6 21 110 151 248 266 364
6 9 126 151 252 301 369
6 12 67 184 253 311 324
6 47 90 162 254 307 378
6 26 121 167 209 263 332
6 63 85 167 229 265 350
6 52 118 152 233 268 342
6 64 123 186 213 286 331
6 52 80 173 240 287 359
6 12 82 152 236 292 331
6 52 124 155 203 298 323
6 28 88 135 207 299 352
6 59 85 189 223 304 339
6 61 84 179 204 305 354
6 53 86 142 244 310 336
6 37 119 143 226 276 328
6 60 82 164 226 262 347
6 26 67 173 213 276 366
6 21 124 186 222 307 358
6 26 118 175 194 319 355
6 35 82 134 230 307 323
6 47 120 142 256 311 342
6 63 75 135 210 297 380
6 39 91 140 208 314 354
6 23 91 162 222 297 384
6 61 80 167 250 300 352
6 20 102 189 209 259 374
6 20 107 181 196 303 333
6 9 97 136 202 291 377
6 49 95 175 203 307 341
6 37 91 179 217 266 334
6 44 108 172 236 300 364
6 55 103 147 240 307 354
6 9 80 155 242 262 375
6 5 90 172 234 270 355
6 48 110 138 242 276 357
6 30 90 137 209 301 354
6 11 95 168 213 272 321
6 48 126 164 213 281 324
6 39 85 165 256 297 331
6 30 125 171 213 267 336
6 48 121 143 194 312 343
6 17 68 160 213 284 344
6 5 95 181 242 259 350
6 9 65 143 213 297 353
6 23 89 186 204 302 376
6 3 121 175 244 302 378
6 54 92 191 213 264 382
6 44 103 166 256 266 374
6 5 85 164 210 315 369
6 53 97 173 210 267 349
6 39 86 138 234 311 327
6 16 125 142 233 274 371
6 49 89 151 250 272 323
6 41 102 152 204 300 377
6 30 118 157 223 312 335
6 12 74 165 206 303 384
6 39 81 164 214 266 362
6 53 87 165 209 302 369
6 54 88 166 210 303 370
6 11 90 143 214 274 349
6 4 84 163 209 314 368
6 60 74 179 233 302 360
6 32 74 157 207 259 355
6 30 84 172 210 259 327
6 48 91 163 255 308 379
6 9 119 171 204 281 360
6 16 91 151 226 313 333
6 52 68 184 255 315 327
6 60 110 168 244 281 338
6 59 123 187 251 315 379
6 59 89 134 256 257 322
6 54 67 151 207 309 375
6 55 118 184 210 296 357
6 22 125 187 223 308 359
6 28 95 172 251 297 339
6 22 118 174 213 279 368
6 28 90 181 222 319 337
6 55 95 157 256 278 329
6 16 72 172 229 311 373
6 49 107 134 207 315 374
6 52 110 137 210 318 377
6 4 67 133 222 308 369
6 23 120 135 242 272 339
6 4 120 155 229 307 351
6 33 95 186 227 261 342
6 5 87 174 194 307 359
6 53 120 134 213 259 364
6 12 87 147 222 309 329
6 37 117 133 242 284 338
6 3 70 147 226 272 377
6 64 82 137 231 279 374
6 37 80 152 244 297 368
6 12 70 160 233 278 337
6 32 72 134 233 318 369
6 16 107 137 204 314 323
6 49 87 186 208 259 377
6 30 120 143 204 284 375
6 48 82 160 204 297 364
6 20 82 173 214 311 329
6 33 121 160 226 315 338
6 33 126 171 230 257 359
6 30 65 164 234 318 374
6 16 81 170 256 317 334
6 32 125 170 229 257 358
6 64 107 179 208 261 332
6 20 126 135 227 280 351
6 9 118 135 226 267 364
6 61 106 175 233 309 346
6 64 81 160 206 311 365
6 48 99 191 244 315 375
6 37 120 160 223 313 323
6 64 125 175 227 260 337
6 11 82 157 244 264 377
6 61 90 147 229 291 327
6 33 82 143 223 314 355
6 41 118 160 214 283 341
6 64 120 157 214 296 358
6 37 125 164 230 319 342
6 5 108 170 206 291 342
6 5 66 179 231 264 341
6 49 92 164 256 309 380
6 30 66 147 245 319 334
6 11 108 186 230 260 327
6 11 70 133 223 296 341
6 60 87 173 234 314 342
6 41 119 157 206 274 380
6 30 119 160 194 275 373
6 20 73 171 245 260 367
6 23 124 160 245 296 351
6 30 124 175 230 261 372
6 20 103 143 206 296 369
6 30 123 168 227 257 356
6 41 123 147 230 280 332
6 41 65 175 245 266 322
6 11 87 171 227 266 332
6 2 65 136 206 290 346
6 37 67 175 234 257 363
6 2 87 169 231 267 352
6 9 102 147 206 257 335
6 52 117 143 229 290 370
6 33 92 155 245 318 363
6 52 88 169 204 278 356
6 48 87 135 230 318 356
6 37 102 191 214 275 355
6 3 73 143 227 283 322
6 49 103 191 229 278 346
6 49 88 136 231 319 357
6 17 121 164 204 267 357
6 3 110 186 223 280 362
6 33 73 135 234 319 370
6 11 121 173 206 283 362
6 63 81 136 230 278 373
6 64 67 164 245 280 354
6 60 106 186 214 318 352
6 11 78 155 234 280 322
6 11 68 135 245 317 346
6 60 70 155 206 261 355
6 63 86 181 206 307 356
6 60 78 133 227 275 370
6 63 72 166 214 309 334
6 9 67 157 230 275 334
6 48 68 171 234 261 334
6 48 70 152 214 313 335
6 37 81 157 194 314 333
6 17 103 135 223 261 373
6 53 117 181 245 309 373
6 54 90 171 206 280 358
6 53 80 166 227 307 335
6 33 103 173 194 313 352
6 20 92 186 234 266 354
6 33 110 152 206 275 333
6 37 72 168 245 261 370
6 54 78 152 230 274 367
6 23 80 147 194 266 358
6 48 90 173 223 275 371
6 17 92 152 227 314 334
6 23 117 168 223 317 365
6 17 99 186 206 319 371
6 9 89 168 214 319 373
6 9 86 191 245 314 372
6 64 72 147 234 317 367
6 64 89 191 194 283 369
6 20 99 152 223 283 358
6 20 110 133 194 274 365
6 64 86 168 230 266 351
6 48 106 133 206 314 373
6 48 108 155 227 319 372
6 54 106 155 223 266 369
6 54 108 133 234 283 351

///////////////////////////////////////////////////
////AD-GDBF decoder (Fig. 2(b))
///////////////////////////////////////////////////

////////////////////////////////////
Total number of iterations : 300
////////////////////////////////////
/////////////////////////
Component decoder:  1
alpha scalling:  2
beta scalling:  1
Iteration range:  1  -  50
Momentum values: 2 1 0 
/////////////////////////
Component decoder:  2
alpha scalling:  3
beta scalling:  2
Iteration range: 51  - 100
Restart switch (r_i): 1
Momentum values: 3 3 3 
/////////////////////////
Component decoder:  3
alpha scalling:  3
beta scalling:  1
Iteration range: 101  - 150
Restart switch (r_i): 0
Momentum values: 3 1 1 
/////////////////////////
Component decoder:  4
alpha scalling:  3
beta scalling:  2
Iteration range: 151  - 200
Restart switch (r_i): 0
Momentum values: 4 2 1 
/////////////////////////
Component decoder:  5
alpha scalling:  3
beta scalling:  1
Iteration range: 201  - 250
Restart switch (r_i): 0
Momentum values: 2 2 1 
/////////////////////////
Component decoder:  6
alpha scalling:  4
beta scalling:  2
Iteration range: 251  - 300
Restart switch (r_i): 0
Momentum values: 2 2 2 

////////////////////////////////////
Total number of iterations: 1000
////////////////////////////////////

/////////////////////////
Component decoder:  1
Iteration range:  1  -  50
alpha scalling:  2
beta scalling:  1
Momentum values: 2 1 0 
/////////////////////////
Component decoder:  2
Iteration range: 51  - 100
alpha scalling:  3
beta scalling:  2
Restart switch (r_i): 1
Momentum values: 3 3 3 
/////////////////////////
Component decoder:  3
Iteration range: 101  - 150
alpha scalling:  3
beta scalling:  1
Restart switch (r_i): 0
Momentum values: 3 1 1 
/////////////////////////
Component decoder:  4
Iteration range: 151  - 200
alpha scalling:  3
beta scalling:  2
Restart switch (r_i): 0
Momentum values: 4 2 1 
/////////////////////////
Component decoder:  5
Iteration range: 201  - 250
alpha scalling:  3
beta scalling:  1
Restart switch (r_i): 0
Momentum values: 2 2 1 
/////////////////////////
Component decoder:  6
Iteration range: 251  - 300
alpha scalling:  4
beta scalling:  2
Restart switch (r_i): 0
Momentum values: 2 2 2 
/////////////////////////
Component decoder:  7
Iteration range: 301  - 450
alpha scalling:  2
beta scalling:  1
Restart switch (r_i): 0
Momentum values: 4 2 1 
/////////////////////////
Component decoder:  8
Iteration range: 451  - 600
alpha scalling:  3
beta scalling:  1
Restart switch (r_i): 0
Momentum values: 3 1 0 
/////////////////////////
Component decoder:  9
Iteration range: 601  - 750
alpha scalling:  2
beta scalling:  1
Restart switch (r_i): 1
Momentum values: 4 3 1 
/////////////////////////
Component decoder: 10
Iteration range: 751  - 900
alpha scalling:  2
beta scalling:  1
Restart switch (r_i): 0
Momentum values: 4 1 0 
/////////////////////////
Component decoder: 11
Iteration range: 901  - 1000
alpha scalling:  2
beta scalling:  1
Restart switch (r_i): 0
Momentum values: 4 3 0 


///////////////////////////////////////////////////
////AD-GDBF decoder used as post-processing unit (Fig. 2(b))
///////////////////////////////////////////////////
////////////////////////////////////
Total number of iterations : 1000
////////////////////////////////////
/////////////////////////
Component decoder:  1
Iteration range:  1  - 100
alpha scalling:  4
beta scalling:  2
Momentum values: 2 2 2 
/////////////////////////
Component decoder:  2
Iteration range: 101  - 200
alpha scalling:  2
beta scalling:  1
Restart switch (r_i): 1
Momentum values: 3 1 1 
/////////////////////////
Component decoder:  3
Iteration range: 201  - 300
alpha scalling:  1
beta scalling:  3
Restart switch (r_i): 0
Momentum values: 5 2 2 
/////////////////////////
Component decoder:  4
Iteration range: 301  - 400
alpha scalling:  3
beta scalling:  4
Restart switch (r_i): 1
Momentum values: 5 3 0 
/////////////////////////
Component decoder:  5
Iteration range: 401  - 500
alpha scalling:  2
beta scalling:  1
Restart switch (r_i): 0
Momentum values: 5 3 1
/////////////////////////
Component decoder:  6
Iteration range: 501  - 600
alpha scalling:  3
beta scalling:  1
Restart switch (r_i): 1
Momentum values: 4 0 0
/////////////////////////
Component decoder:  7
Iteration range: 601  - 700
alpha scalling:  4
beta scalling:  2
Restart switch (r_i): 0
Momentum values: 5 2 1 
/////////////////////////
Component decoder:  8
Iteration range: 701  - 800
alpha scalling:  4
beta scalling:  3
Restart switch (r_i): 0
Momentum values: 5 4 4 
/////////////////////////
Component decoder:  9
Iteration range: 801  - 900
alpha scalling:  2
beta scalling:  1
Restart switch (r_i): 0
Momentum values: 3 3 3 
/////////////////////////
Component decoder: 10
Iteration range: 901  - 1000
alpha scalling:  3
beta scalling:  2
Restart switch (r_i): 0
