%code lenght N=1296
%code rate R=0.5

%%%%%%%%%%%%%%%%%%%%%%%%%%%%%%%%%
%Parity check matrix (connections of varible nodes)
%%%%%%%%%%%%%%%%%%%%%%%%%%%%%%%%
%first number in each line represents the number of connections
% remaining numbers are indeces of rows connected to specific variable (numbering starts from 1)
3 6 261 589
3 7 262 590
3 8 263 591
3 9 264 592
3 10 265 593
3 11 266 594
3 12 267 541
3 13 268 542
3 14 269 543
3 15 270 544
3 16 217 545
3 17 218 546
3 18 219 547
3 19 220 548
3 20 221 549
3 21 222 550
3 22 223 551
3 23 224 552
3 24 225 553
3 25 226 554
3 26 227 555
3 27 228 556
3 28 229 557
3 29 230 558
3 30 231 559
3 31 232 560
3 32 233 561
3 33 234 562
3 34 235 563
3 35 236 564
3 36 237 565
3 37 238 566
3 38 239 567
3 39 240 568
3 40 241 569
3 41 242 570
3 42 243 571
3 43 244 572
3 44 245 573
3 45 246 574
3 46 247 575
3 47 248 576
3 48 249 577
3 49 250 578
3 50 251 579
3 51 252 580
3 52 253 581
3 53 254 582
3 54 255 583
3 1 256 584
3 2 257 585
3 3 258 586
3 4 259 587
3 5 260 588
3 193 377 517
3 194 378 518
3 195 325 519
3 196 326 520
3 197 327 521
3 198 328 522
3 199 329 523
3 200 330 524
3 201 331 525
3 202 332 526
3 203 333 527
3 204 334 528
3 205 335 529
3 206 336 530
3 207 337 531
3 208 338 532
3 209 339 533
3 210 340 534
3 211 341 535
3 212 342 536
3 213 343 537
3 214 344 538
3 215 345 539
3 216 346 540
3 163 347 487
3 164 348 488
3 165 349 489
3 166 350 490
3 167 351 491
3 168 352 492
3 169 353 493
3 170 354 494
3 171 355 495
3 172 356 496
3 173 357 497
3 174 358 498
3 175 359 499
3 176 360 500
3 177 361 501
3 178 362 502
3 179 363 503
3 180 364 504
3 181 365 505
3 182 366 506
3 183 367 507
3 184 368 508
3 185 369 509
3 186 370 510
3 187 371 511
3 188 372 512
3 189 373 513
3 190 374 514
3 191 375 515
3 192 376 516
3 143 281 440
3 144 282 441
3 145 283 442
3 146 284 443
3 147 285 444
3 148 286 445
3 149 287 446
3 150 288 447
3 151 289 448
3 152 290 449
3 153 291 450
3 154 292 451
3 155 293 452
3 156 294 453
3 157 295 454
3 158 296 455
3 159 297 456
3 160 298 457
3 161 299 458
3 162 300 459
3 109 301 460
3 110 302 461
3 111 303 462
3 112 304 463
3 113 305 464
3 114 306 465
3 115 307 466
3 116 308 467
3 117 309 468
3 118 310 469
3 119 311 470
3 120 312 471
3 121 313 472
3 122 314 473
3 123 315 474
3 124 316 475
3 125 317 476
3 126 318 477
3 127 319 478
3 128 320 479
3 129 321 480
3 130 322 481
3 131 323 482
3 132 324 483
3 133 271 484
3 134 272 485
3 135 273 486
3 136 274 433
3 137 275 434
3 138 276 435
3 139 277 436
3 140 278 437
3 141 279 438
3 142 280 439
3 99 397 614
3 100 398 615
3 101 399 616
3 102 400 617
3 103 401 618
3 104 402 619
3 105 403 620
3 106 404 621
3 107 405 622
3 108 406 623
3 55 407 624
3 56 408 625
3 57 409 626
3 58 410 627
3 59 411 628
3 60 412 629
3 61 413 630
3 62 414 631
3 63 415 632
3 64 416 633
3 65 417 634
3 66 418 635
3 67 419 636
3 68 420 637
3 69 421 638
3 70 422 639
3 71 423 640
3 72 424 641
3 73 425 642
3 74 426 643
3 75 427 644
3 76 428 645
3 77 429 646
3 78 430 647
3 79 431 648
3 80 432 595
3 81 379 596
3 82 380 597
3 83 381 598
3 84 382 599
3 85 383 600
3 86 384 601
3 87 385 602
3 88 386 603
3 89 387 604
3 90 388 605
3 91 389 606
3 92 390 607
3 93 391 608
3 94 392 609
3 95 393 610
3 96 394 611
3 97 395 612
3 98 396 613
3 68 256 437
3 69 257 438
3 70 258 439
3 71 259 440
3 72 260 441
3 73 261 442
3 74 262 443
3 75 263 444
3 76 264 445
3 77 265 446
3 78 266 447
3 79 267 448
3 80 268 449
3 81 269 450
3 82 270 451
3 83 217 452
3 84 218 453
3 85 219 454
3 86 220 455
3 87 221 456
3 88 222 457
3 89 223 458
3 90 224 459
3 91 225 460
3 92 226 461
3 93 227 462
3 94 228 463
3 95 229 464
3 96 230 465
3 97 231 466
3 98 232 467
3 99 233 468
3 100 234 469
3 101 235 470
3 102 236 471
3 103 237 472
3 104 238 473
3 105 239 474
3 106 240 475
3 107 241 476
3 108 242 477
3 55 243 478
3 56 244 479
3 57 245 480
3 58 246 481
3 59 247 482
3 60 248 483
3 61 249 484
3 62 250 485
3 63 251 486
3 64 252 433
3 65 253 434
3 66 254 435
3 67 255 436
3 12 319 633
3 13 320 634
3 14 321 635
3 15 322 636
3 16 323 637
3 17 324 638
3 18 271 639
3 19 272 640
3 20 273 641
3 21 274 642
3 22 275 643
3 23 276 644
3 24 277 645
3 25 278 646
3 26 279 647
3 27 280 648
3 28 281 595
3 29 282 596
3 30 283 597
3 31 284 598
3 32 285 599
3 33 286 600
3 34 287 601
3 35 288 602
3 36 289 603
3 37 290 604
3 38 291 605
3 39 292 606
3 40 293 607
3 41 294 608
3 42 295 609
3 43 296 610
3 44 297 611
3 45 298 612
3 46 299 613
3 47 300 614
3 48 301 615
3 49 302 616
3 50 303 617
3 51 304 618
3 52 305 619
3 53 306 620
3 54 307 621
3 1 308 622
3 2 309 623
3 3 310 624
3 4 311 625
3 5 312 626
3 6 313 627
3 7 314 628
3 8 315 629
3 9 316 630
3 10 317 631
3 11 318 632
3 195 409 590
3 196 410 591
3 197 411 592
3 198 412 593
3 199 413 594
3 200 414 541
3 201 415 542
3 202 416 543
3 203 417 544
3 204 418 545
3 205 419 546
3 206 420 547
3 207 421 548
3 208 422 549
3 209 423 550
3 210 424 551
3 211 425 552
3 212 426 553
3 213 427 554
3 214 428 555
3 215 429 556
3 216 430 557
3 163 431 558
3 164 432 559
3 165 379 560
3 166 380 561
3 167 381 562
3 168 382 563
3 169 383 564
3 170 384 565
3 171 385 566
3 172 386 567
3 173 387 568
3 174 388 569
3 175 389 570
3 176 390 571
3 177 391 572
3 178 392 573
3 179 393 574
3 180 394 575
3 181 395 576
3 182 396 577
3 183 397 578
3 184 398 579
3 185 399 580
3 186 400 581
3 187 401 582
3 188 402 583
3 189 403 584
3 190 404 585
3 191 405 586
3 192 406 587
3 193 407 588
3 194 408 589
3 143 366 490
3 144 367 491
3 145 368 492
3 146 369 493
3 147 370 494
3 148 371 495
3 149 372 496
3 150 373 497
3 151 374 498
3 152 375 499
3 153 376 500
3 154 377 501
3 155 378 502
3 156 325 503
3 157 326 504
3 158 327 505
3 159 328 506
3 160 329 507
3 161 330 508
3 162 331 509
3 109 332 510
3 110 333 511
3 111 334 512
3 112 335 513
3 113 336 514
3 114 337 515
3 115 338 516
3 116 339 517
3 117 340 518
3 118 341 519
3 119 342 520
3 120 343 521
3 121 344 522
3 122 345 523
3 123 346 524
3 124 347 525
3 125 348 526
3 126 349 527
3 127 350 528
3 128 351 529
3 129 352 530
3 130 353 531
3 131 354 532
3 132 355 533
3 133 356 534
3 134 357 535
3 135 358 536
3 136 359 537
3 137 360 538
3 138 361 539
3 139 362 540
3 140 363 487
3 141 364 488
3 142 365 489
3 164 338 612
3 165 339 613
3 166 340 614
3 167 341 615
3 168 342 616
3 169 343 617
3 170 344 618
3 171 345 619
3 172 346 620
3 173 347 621
3 174 348 622
3 175 349 623
3 176 350 624
3 177 351 625
3 178 352 626
3 179 353 627
3 180 354 628
3 181 355 629
3 182 356 630
3 183 357 631
3 184 358 632
3 185 359 633
3 186 360 634
3 187 361 635
3 188 362 636
3 189 363 637
3 190 364 638
3 191 365 639
3 192 366 640
3 193 367 641
3 194 368 642
3 195 369 643
3 196 370 644
3 197 371 645
3 198 372 646
3 199 373 647
3 200 374 648
3 201 375 595
3 202 376 596
3 203 377 597
3 204 378 598
3 205 325 599
3 206 326 600
3 207 327 601
3 208 328 602
3 209 329 603
3 210 330 604
3 211 331 605
3 212 332 606
3 213 333 607
3 214 334 608
3 215 335 609
3 216 336 610
3 163 337 611
3 57 383 503
3 58 384 504
3 59 385 505
3 60 386 506
3 61 387 507
3 62 388 508
3 63 389 509
3 64 390 510
3 65 391 511
3 66 392 512
3 67 393 513
3 68 394 514
3 69 395 515
3 70 396 516
3 71 397 517
3 72 398 518
3 73 399 519
3 74 400 520
3 75 401 521
3 76 402 522
3 77 403 523
3 78 404 524
3 79 405 525
3 80 406 526
3 81 407 527
3 82 408 528
3 83 409 529
3 84 410 530
3 85 411 531
3 86 412 532
3 87 413 533
3 88 414 534
3 89 415 535
3 90 416 536
3 91 417 537
3 92 418 538
3 93 419 539
3 94 420 540
3 95 421 487
3 96 422 488
3 97 423 489
3 98 424 490
3 99 425 491
3 100 426 492
3 101 427 493
3 102 428 494
3 103 429 495
3 104 430 496
3 105 431 497
3 106 432 498
3 107 379 499
3 108 380 500
3 55 381 501
3 56 382 502
3 5 269 433
3 6 270 434
3 7 217 435
3 8 218 436
3 9 219 437
3 10 220 438
3 11 221 439
3 12 222 440
3 13 223 441
3 14 224 442
3 15 225 443
3 16 226 444
3 17 227 445
3 18 228 446
3 19 229 447
3 20 230 448
3 21 231 449
3 22 232 450
3 23 233 451
3 24 234 452
3 25 235 453
3 26 236 454
3 27 237 455
3 28 238 456
3 29 239 457
3 30 240 458
3 31 241 459
3 32 242 460
3 33 243 461
3 34 244 462
3 35 245 463
3 36 246 464
3 37 247 465
3 38 248 466
3 39 249 467
3 40 250 468
3 41 251 469
3 42 252 470
3 43 253 471
3 44 254 472
3 45 255 473
3 46 256 474
3 47 257 475
3 48 258 476
3 49 259 477
3 50 260 478
3 51 261 479
3 52 262 480
3 53 263 481
3 54 264 482
3 1 265 483
3 2 266 484
3 3 267 485
3 4 268 486
3 112 296 582
3 113 297 583
3 114 298 584
3 115 299 585
3 116 300 586
3 117 301 587
3 118 302 588
3 119 303 589
3 120 304 590
3 121 305 591
3 122 306 592
3 123 307 593
3 124 308 594
3 125 309 541
3 126 310 542
3 127 311 543
3 128 312 544
3 129 313 545
3 130 314 546
3 131 315 547
3 132 316 548
3 133 317 549
3 134 318 550
3 135 319 551
3 136 320 552
3 137 321 553
3 138 322 554
3 139 323 555
3 140 324 556
3 141 271 557
3 142 272 558
3 143 273 559
3 144 274 560
3 145 275 561
3 146 276 562
3 147 277 563
3 148 278 564
3 149 279 565
3 150 280 566
3 151 281 567
3 152 282 568
3 153 283 569
3 154 284 570
3 155 285 571
3 156 286 572
3 157 287 573
3 158 288 574
3 159 289 575
3 160 290 576
3 161 291 577
3 162 292 578
3 109 293 579
3 110 294 580
3 111 295 581
3 77 421 645
3 78 422 646
3 79 423 647
3 80 424 648
3 81 425 595
3 82 426 596
3 83 427 597
3 84 428 598
3 85 429 599
3 86 430 600
3 87 431 601
3 88 432 602
3 89 379 603
3 90 380 604
3 91 381 605
3 92 382 606
3 93 383 607
3 94 384 608
3 95 385 609
3 96 386 610
3 97 387 611
3 98 388 612
3 99 389 613
3 100 390 614
3 101 391 615
3 102 392 616
3 103 393 617
3 104 394 618
3 105 395 619
3 106 396 620
3 107 397 621
3 108 398 622
3 55 399 623
3 56 400 624
3 57 401 625
3 58 402 626
3 59 403 627
3 60 404 628
3 61 405 629
3 62 406 630
3 63 407 631
3 64 408 632
3 65 409 633
3 66 410 634
3 67 411 635
3 68 412 636
3 69 413 637
3 70 414 638
3 71 415 639
3 72 416 640
3 73 417 641
3 74 418 642
3 75 419 643
3 76 420 644
3 153 285 592
3 154 286 593
3 155 287 594
3 156 288 541
3 157 289 542
3 158 290 543
3 159 291 544
3 160 292 545
3 161 293 546
3 162 294 547
3 109 295 548
3 110 296 549
3 111 297 550
3 112 298 551
3 113 299 552
3 114 300 553
3 115 301 554
3 116 302 555
3 117 303 556
3 118 304 557
3 119 305 558
3 120 306 559
3 121 307 560
3 122 308 561
3 123 309 562
3 124 310 563
3 125 311 564
3 126 312 565
3 127 313 566
3 128 314 567
3 129 315 568
3 130 316 569
3 131 317 570
3 132 318 571
3 133 319 572
3 134 320 573
3 135 321 574
3 136 322 575
3 137 323 576
3 138 324 577
3 139 271 578
3 140 272 579
3 141 273 580
3 142 274 581
3 143 275 582
3 144 276 583
3 145 277 584
3 146 278 585
3 147 279 586
3 148 280 587
3 149 281 588
3 150 282 589
3 151 283 590
3 152 284 591
3 186 337 535
3 187 338 536
3 188 339 537
3 189 340 538
3 190 341 539
3 191 342 540
3 192 343 487
3 193 344 488
3 194 345 489
3 195 346 490
3 196 347 491
3 197 348 492
3 198 349 493
3 199 350 494
3 200 351 495
3 201 352 496
3 202 353 497
3 203 354 498
3 204 355 499
3 205 356 500
3 206 357 501
3 207 358 502
3 208 359 503
3 209 360 504
3 210 361 505
3 211 362 506
3 212 363 507
3 213 364 508
3 214 365 509
3 215 366 510
3 216 367 511
3 163 368 512
3 164 369 513
3 165 370 514
3 166 371 515
3 167 372 516
3 168 373 517
3 169 374 518
3 170 375 519
3 171 376 520
3 172 377 521
3 173 378 522
3 174 325 523
3 175 326 524
3 176 327 525
3 177 328 526
3 178 329 527
3 179 330 528
3 180 331 529
3 181 332 530
3 182 333 531
3 183 334 532
3 184 335 533
3 185 336 534
3 53 221 478
3 54 222 479
3 1 223 480
3 2 224 481
3 3 225 482
3 4 226 483
3 5 227 484
3 6 228 485
3 7 229 486
3 8 230 433
3 9 231 434
3 10 232 435
3 11 233 436
3 12 234 437
3 13 235 438
3 14 236 439
3 15 237 440
3 16 238 441
3 17 239 442
3 18 240 443
3 19 241 444
3 20 242 445
3 21 243 446
3 22 244 447
3 23 245 448
3 24 246 449
3 25 247 450
3 26 248 451
3 27 249 452
3 28 250 453
3 29 251 454
3 30 252 455
3 31 253 456
3 32 254 457
3 33 255 458
3 34 256 459
3 35 257 460
3 36 258 461
3 37 259 462
3 38 260 463
3 39 261 464
3 40 262 465
3 41 263 466
3 42 264 467
3 43 265 468
3 44 266 469
3 45 267 470
3 46 268 471
3 47 269 472
3 48 270 473
3 49 217 474
3 50 218 475
3 51 219 476
3 52 220 477
3 116 309 566
3 117 310 567
3 118 311 568
3 119 312 569
3 120 313 570
3 121 314 571
3 122 315 572
3 123 316 573
3 124 317 574
3 125 318 575
3 126 319 576
3 127 320 577
3 128 321 578
3 129 322 579
3 130 323 580
3 131 324 581
3 132 271 582
3 133 272 583
3 134 273 584
3 135 274 585
3 136 275 586
3 137 276 587
3 138 277 588
3 139 278 589
3 140 279 590
3 141 280 591
3 142 281 592
3 143 282 593
3 144 283 594
3 145 284 541
3 146 285 542
3 147 286 543
3 148 287 544
3 149 288 545
3 150 289 546
3 151 290 547
3 152 291 548
3 153 292 549
3 154 293 550
3 155 294 551
3 156 295 552
3 157 296 553
3 158 297 554
3 159 298 555
3 160 299 556
3 161 300 557
3 162 301 558
3 109 302 559
3 110 303 560
3 111 304 561
3 112 305 562
3 113 306 563
3 114 307 564
3 115 308 565
3 28 258 480
3 29 259 481
3 30 260 482
3 31 261 483
3 32 262 484
3 33 263 485
3 34 264 486
3 35 265 433
3 36 266 434
3 37 267 435
3 38 268 436
3 39 269 437
3 40 270 438
3 41 217 439
3 42 218 440
3 43 219 441
3 44 220 442
3 45 221 443
3 46 222 444
3 47 223 445
3 48 224 446
3 49 225 447
3 50 226 448
3 51 227 449
3 52 228 450
3 53 229 451
3 54 230 452
3 1 231 453
3 2 232 454
3 3 233 455
3 4 234 456
3 5 235 457
3 6 236 458
3 7 237 459
3 8 238 460
3 9 239 461
3 10 240 462
3 11 241 463
3 12 242 464
3 13 243 465
3 14 244 466
3 15 245 467
3 16 246 468
3 17 247 469
3 18 248 470
3 19 249 471
3 20 250 472
3 21 251 473
3 22 252 474
3 23 253 475
3 24 254 476
3 25 255 477
3 26 256 478
3 27 257 479
3 59 423 625
3 60 424 626
3 61 425 627
3 62 426 628
3 63 427 629
3 64 428 630
3 65 429 631
3 66 430 632
3 67 431 633
3 68 432 634
3 69 379 635
3 70 380 636
3 71 381 637
3 72 382 638
3 73 383 639
3 74 384 640
3 75 385 641
3 76 386 642
3 77 387 643
3 78 388 644
3 79 389 645
3 80 390 646
3 81 391 647
3 82 392 648
3 83 393 595
3 84 394 596
3 85 395 597
3 86 396 598
3 87 397 599
3 88 398 600
3 89 399 601
3 90 400 602
3 91 401 603
3 92 402 604
3 93 403 605
3 94 404 606
3 95 405 607
3 96 406 608
3 97 407 609
3 98 408 610
3 99 409 611
3 100 410 612
3 101 411 613
3 102 412 614
3 103 413 615
3 104 414 616
3 105 415 617
3 106 416 618
3 107 417 619
3 108 418 620
3 55 419 621
3 56 420 622
3 57 421 623
3 58 422 624
3 199 331 518
3 200 332 519
3 201 333 520
3 202 334 521
3 203 335 522
3 204 336 523
3 205 337 524
3 206 338 525
3 207 339 526
3 208 340 527
3 209 341 528
3 210 342 529
3 211 343 530
3 212 344 531
3 213 345 532
3 214 346 533
3 215 347 534
3 216 348 535
3 163 349 536
3 164 350 537
3 165 351 538
3 166 352 539
3 167 353 540
3 168 354 487
3 169 355 488
3 170 356 489
3 171 357 490
3 172 358 491
3 173 359 492
3 174 360 493
3 175 361 494
3 176 362 495
3 177 363 496
3 178 364 497
3 179 365 498
3 180 366 499
3 181 367 500
3 182 368 501
3 183 369 502
3 184 370 503
3 185 371 504
3 186 372 505
3 187 373 506
3 188 374 507
3 189 375 508
3 190 376 509
3 191 377 510
3 192 378 511
3 193 325 512
3 194 326 513
3 195 327 514
3 196 328 515
3 197 329 516
3 198 330 517
3 59 312 579
3 60 313 580
3 61 314 581
3 62 315 582
3 63 316 583
3 64 317 584
3 65 318 585
3 66 319 586
3 67 320 587
3 68 321 588
3 69 322 589
3 70 323 590
3 71 324 591
3 72 271 592
3 73 272 593
3 74 273 594
3 75 274 541
3 76 275 542
3 77 276 543
3 78 277 544
3 79 278 545
3 80 279 546
3 81 280 547
3 82 281 548
3 83 282 549
3 84 283 550
3 85 284 551
3 86 285 552
3 87 286 553
3 88 287 554
3 89 288 555
3 90 289 556
3 91 290 557
3 92 291 558
3 93 292 559
3 94 293 560
3 95 294 561
3 96 295 562
3 97 296 563
3 98 297 564
3 99 298 565
3 100 299 566
3 101 300 567
3 102 301 568
3 103 302 569
3 104 303 570
3 105 304 571
3 106 305 572
3 107 306 573
3 108 307 574
3 55 308 575
3 56 309 576
3 57 310 577
3 58 311 578
3 170 330 525
3 171 331 526
3 172 332 527
3 173 333 528
3 174 334 529
3 175 335 530
3 176 336 531
3 177 337 532
3 178 338 533
3 179 339 534
3 180 340 535
3 181 341 536
3 182 342 537
3 183 343 538
3 184 344 539
3 185 345 540
3 186 346 487
3 187 347 488
3 188 348 489
3 189 349 490
3 190 350 491
3 191 351 492
3 192 352 493
3 193 353 494
3 194 354 495
3 195 355 496
3 196 356 497
3 197 357 498
3 198 358 499
3 199 359 500
3 200 360 501
3 201 361 502
3 202 362 503
3 203 363 504
3 204 364 505
3 205 365 506
3 206 366 507
3 207 367 508
3 208 368 509
3 209 369 510
3 210 370 511
3 211 371 512
3 212 372 513
3 213 373 514
3 214 374 515
3 215 375 516
3 216 376 517
3 163 377 518
3 164 378 519
3 165 325 520
3 166 326 521
3 167 327 522
3 168 328 523
3 169 329 524
3 130 385 620
3 131 386 621
3 132 387 622
3 133 388 623
3 134 389 624
3 135 390 625
3 136 391 626
3 137 392 627
3 138 393 628
3 139 394 629
3 140 395 630
3 141 396 631
3 142 397 632
3 143 398 633
3 144 399 634
3 145 400 635
3 146 401 636
3 147 402 637
3 148 403 638
3 149 404 639
3 150 405 640
3 151 406 641
3 152 407 642
3 153 408 643
3 154 409 644
3 155 410 645
3 156 411 646
3 157 412 647
3 158 413 648
3 159 414 595
3 160 415 596
3 161 416 597
3 162 417 598
3 109 418 599
3 110 419 600
3 111 420 601
3 112 421 602
3 113 422 603
3 114 423 604
3 115 424 605
3 116 425 606
3 117 426 607
3 118 427 608
3 119 428 609
3 120 429 610
3 121 430 611
3 122 431 612
3 123 432 613
3 124 379 614
3 125 380 615
3 126 381 616
3 127 382 617
3 128 383 618
3 129 384 619
3 6 218 459
3 7 219 460
3 8 220 461
3 9 221 462
3 10 222 463
3 11 223 464
3 12 224 465
3 13 225 466
3 14 226 467
3 15 227 468
3 16 228 469
3 17 229 470
3 18 230 471
3 19 231 472
3 20 232 473
3 21 233 474
3 22 234 475
3 23 235 476
3 24 236 477
3 25 237 478
3 26 238 479
3 27 239 480
3 28 240 481
3 29 241 482
3 30 242 483
3 31 243 484
3 32 244 485
3 33 245 486
3 34 246 433
3 35 247 434
3 36 248 435
3 37 249 436
3 38 250 437
3 39 251 438
3 40 252 439
3 41 253 440
3 42 254 441
3 43 255 442
3 44 256 443
3 45 257 444
3 46 258 445
3 47 259 446
3 48 260 447
3 49 261 448
3 50 262 449
3 51 263 450
3 52 264 451
3 53 265 452
3 54 266 453
3 1 267 454
3 2 268 455
3 3 269 456
3 4 270 457
3 5 217 458

%%%%%%%%%%%%%%%%%%%%%%%%%%%%%%%%%%%%%%%%%%%%%%%%%%%
GDBF-w/MA decoder
%%%%%%%%%%%%%%%%%%%%%%%%%%%%%%%%%%%%%%%%%%%%%%%%%%%
% number of iterations: 300
%iterations after momenum is changed:  30  60  90  120  150  180  210  240  270  
alpha_i coefficients:                      1  1  1  1  1  1  1  1  1  1  1
beta_i coefficients:                      1  1  1  1  1  1  1  1  1  1  1
adjacent decoder conectivity r_i
(1 -> decoders are unconnceted)
(0 -> decoders are connected):         0	0	0	0	0	1	1	1	0
momenum vectors:   
					0	0	0
					1	1	1
					3	1	1
					3	2	1
					2	2	0
					0	0	0
					0	0	0
					4	4	3
					3	3	1
					0	0	0

%%%%%%%%%%%%%%%%%%%%%%%%%%%%%%%%%%%%%%%%%%%%%%%%%%%
% number of iterations: 2000
%iterations after momenum is changed:  30	60	90	120	150	180	210	240	270	300	330	360	390	420	450	480	510	540	570	600	630	660	690	720	750	780	810	840	870	900	930	960	990	1040	1090	1140	1190	1240	1290	1340	1390	1440	1490	1540	1590	1640	1690	1740	1790	1840	1890	1940	1990 
alpha_i coefficients:                      2	3	1	1	3	1	4	1	1	1	3	2	3	2	1	1	3	1	1	3	1	2	1	3	4	2	1	2	4	2	2	2	2	2	1	1	4	4	4	2	4	3	1	2	2	4	1	1	2	3	2	1	3	1
beta_i coefficients:                      3	3	2	3	4	3	4	2	3	2	4	4	1	3	3	3	1	1	4	3	4	2	1	3	3	3	2	2	4	2	3	3	1	4	2	4	3	3	4	4	2	4	4	2	4	4	2	4	2	2	3	4	4	2
adjacent decoder conectivity r_i
(1 -> decoders are unconnceted)
(0 -> decoders are connected):         0	0	0	0	0	1	0	0	0	0	0	0	1	0	0	0	1	0	0	0	0	1	0	0	0	0	0	0	1	0	1	0	0	0	0	1	0	1	1	0	1	0	0	0	0	1	1	1	1	0	0	0	0
momenum vectors:   
										3	2	1	1
										3	1	0	0
										3	1	1	0
										3	3	1	1
										3	3	2	0
										3	2	2	0
										3	2	1	1
										2	2	1	0
										3	3	1	0
										3	1	1	1
										3	1	1	0
										1	1	1	0
										2	1	1	0
										1	0	0	0
										3	3	3	0
										3	3	2	1
										3	1	1	1
										2	2	1	0
										3	3	3	3
										3	2	2	1
										2	2	1	1
										3	1	1	0
										2	1	0	0
										3	2	2	2
										1	1	1	1
										3	3	3	0
										2	2	1	1
										3	1	1	0
										3	3	3	0
										2	1	1	1
										3	2	1	0
										3	3	1	0
										0	0	0	0
										4	2	0	0
										4	3	2	1
										5	5	1	0
										5	4	0	0
										5	5	5	2
										4	1	1	1
										3	3	3	0
										3	1	0	0
										5	4	4	3
										5	4	3	3
										4	0	0	0
										5	5	2	2
										5	4	1	0
										4	3	2	2
										4	4	4	4
										5	3	1	1
										3	3	0	0
										5	5	1	0
										5	5	5	5
										3	3	1	0
										5	4	3	1					