%code lenght N=1296
%code rate R=0.5

%%%%%%%%%%%%%%%%%%%%%%%%%%%%%%%%%
%Parity check matrix (connections of varible nodes)
%%%%%%%%%%%%%%%%%%%%%%%%%%%%%%%%
%first number in each line represents the number of connections
% remaining numbers are indeces of rows connected to specific variable (numbering starts from 1)

4 44 190 478 610 
4 45 191 479 611 
4 46 192 480 612 
4 47 193 481 613 
4 48 194 482 614 
4 49 195 483 615 
4 50 196 484 616 
4 51 197 485 617 
4 52 198 486 618 
4 53 199 433 619 
4 54 200 434 620 
4 1 201 435 621 
4 2 202 436 622 
4 3 203 437 623 
4 4 204 438 624 
4 5 205 439 625 
4 6 206 440 626 
4 7 207 441 627 
4 8 208 442 628 
4 9 209 443 629 
4 10 210 444 630 
4 11 211 445 631 
4 12 212 446 632 
4 13 213 447 633 
4 14 214 448 634 
4 15 215 449 635 
4 16 216 450 636 
4 17 163 451 637 
4 18 164 452 638 
4 19 165 453 639 
4 20 166 454 640 
4 21 167 455 641 
4 22 168 456 642 
4 23 169 457 643 
4 24 170 458 644 
4 25 171 459 645 
4 26 172 460 646 
4 27 173 461 647 
4 28 174 462 648 
4 29 175 463 595 
4 30 176 464 596 
4 31 177 465 597 
4 32 178 466 598 
4 33 179 467 599 
4 34 180 468 600 
4 35 181 469 601 
4 36 182 470 602 
4 37 183 471 603 
4 38 184 472 604 
4 39 185 473 605 
4 40 186 474 606 
4 41 187 475 607 
4 42 188 476 608 
4 43 189 477 609 
4 84 229 404 591 
4 85 230 405 592 
4 86 231 406 593 
4 87 232 407 594 
4 88 233 408 541 
4 89 234 409 542 
4 90 235 410 543 
4 91 236 411 544 
4 92 237 412 545 
4 93 238 413 546 
4 94 239 414 547 
4 95 240 415 548 
4 96 241 416 549 
4 97 242 417 550 
4 98 243 418 551 
4 99 244 419 552 
4 100 245 420 553 
4 101 246 421 554 
4 102 247 422 555 
4 103 248 423 556 
4 104 249 424 557 
4 105 250 425 558 
4 106 251 426 559 
4 107 252 427 560 
4 108 253 428 561 
4 55 254 429 562 
4 56 255 430 563 
4 57 256 431 564 
4 58 257 432 565 
4 59 258 379 566 
4 60 259 380 567 
4 61 260 381 568 
4 62 261 382 569 
4 63 262 383 570 
4 64 263 384 571 
4 65 264 385 572 
4 66 265 386 573 
4 67 266 387 574 
4 68 267 388 575 
4 69 268 389 576 
4 70 269 390 577 
4 71 270 391 578 
4 72 217 392 579 
4 73 218 393 580 
4 74 219 394 581 
4 75 220 395 582 
4 76 221 396 583 
4 77 222 397 584 
4 78 223 398 585 
4 79 224 399 586 
4 80 225 400 587 
4 81 226 401 588 
4 82 227 402 589 
4 83 228 403 590 
4 119 301 339 488 
4 120 302 340 489 
4 121 303 341 490 
4 122 304 342 491 
4 123 305 343 492 
4 124 306 344 493 
4 125 307 345 494 
4 126 308 346 495 
4 127 309 347 496 
4 128 310 348 497 
4 129 311 349 498 
4 130 312 350 499 
4 131 313 351 500 
4 132 314 352 501 
4 133 315 353 502 
4 134 316 354 503 
4 135 317 355 504 
4 136 318 356 505 
4 137 319 357 506 
4 138 320 358 507 
4 139 321 359 508 
4 140 322 360 509 
4 141 323 361 510 
4 142 324 362 511 
4 143 271 363 512 
4 144 272 364 513 
4 145 273 365 514 
4 146 274 366 515 
4 147 275 367 516 
4 148 276 368 517 
4 149 277 369 518 
4 150 278 370 519 
4 151 279 371 520 
4 152 280 372 521 
4 153 281 373 522 
4 154 282 374 523 
4 155 283 375 524 
4 156 284 376 525 
4 157 285 377 526 
4 158 286 378 527 
4 159 287 325 528 
4 160 288 326 529 
4 161 289 327 530 
4 162 290 328 531 
4 109 291 329 532 
4 110 292 330 533 
4 111 293 331 534 
4 112 294 332 535 
4 113 295 333 536 
4 114 296 334 537 
4 115 297 335 538 
4 116 298 336 539 
4 117 299 337 540 
4 118 300 338 487 
4 159 249 379 632 
4 160 250 380 633 
4 161 251 381 634 
4 162 252 382 635 
4 109 253 383 636 
4 110 254 384 637 
4 111 255 385 638 
4 112 256 386 639 
4 113 257 387 640 
4 114 258 388 641 
4 115 259 389 642 
4 116 260 390 643 
4 117 261 391 644 
4 118 262 392 645 
4 119 263 393 646 
4 120 264 394 647 
4 121 265 395 648 
4 122 266 396 595 
4 123 267 397 596 
4 124 268 398 597 
4 125 269 399 598 
4 126 270 400 599 
4 127 217 401 600 
4 128 218 402 601 
4 129 219 403 602 
4 130 220 404 603 
4 131 221 405 604 
4 132 222 406 605 
4 133 223 407 606 
4 134 224 408 607 
4 135 225 409 608 
4 136 226 410 609 
4 137 227 411 610 
4 138 228 412 611 
4 139 229 413 612 
4 140 230 414 613 
4 141 231 415 614 
4 142 232 416 615 
4 143 233 417 616 
4 144 234 418 617 
4 145 235 419 618 
4 146 236 420 619 
4 147 237 421 620 
4 148 238 422 621 
4 149 239 423 622 
4 150 240 424 623 
4 151 241 425 624 
4 152 242 426 625 
4 153 243 427 626 
4 154 244 428 627 
4 155 245 429 628 
4 156 246 430 629 
4 157 247 431 630 
4 158 248 432 631 
4 28 183 480 591 
4 29 184 481 592 
4 30 185 482 593 
4 31 186 483 594 
4 32 187 484 541 
4 33 188 485 542 
4 34 189 486 543 
4 35 190 433 544 
4 36 191 434 545 
4 37 192 435 546 
4 38 193 436 547 
4 39 194 437 548 
4 40 195 438 549 
4 41 196 439 550 
4 42 197 440 551 
4 43 198 441 552 
4 44 199 442 553 
4 45 200 443 554 
4 46 201 444 555 
4 47 202 445 556 
4 48 203 446 557 
4 49 204 447 558 
4 50 205 448 559 
4 51 206 449 560 
4 52 207 450 561 
4 53 208 451 562 
4 54 209 452 563 
4 1 210 453 564 
4 2 211 454 565 
4 3 212 455 566 
4 4 213 456 567 
4 5 214 457 568 
4 6 215 458 569 
4 7 216 459 570 
4 8 163 460 571 
4 9 164 461 572 
4 10 165 462 573 
4 11 166 463 574 
4 12 167 464 575 
4 13 168 465 576 
4 14 169 466 577 
4 15 170 467 578 
4 16 171 468 579 
4 17 172 469 580 
4 18 173 470 581 
4 19 174 471 582 
4 20 175 472 583 
4 21 176 473 584 
4 22 177 474 585 
4 23 178 475 586 
4 24 179 476 587 
4 25 180 477 588 
4 26 181 478 589 
4 27 182 479 590 
4 78 315 344 538 
4 79 316 345 539 
4 80 317 346 540 
4 81 318 347 487 
4 82 319 348 488 
4 83 320 349 489 
4 84 321 350 490 
4 85 322 351 491 
4 86 323 352 492 
4 87 324 353 493 
4 88 271 354 494 
4 89 272 355 495 
4 90 273 356 496 
4 91 274 357 497 
4 92 275 358 498 
4 93 276 359 499 
4 94 277 360 500 
4 95 278 361 501 
4 96 279 362 502 
4 97 280 363 503 
4 98 281 364 504 
4 99 282 365 505 
4 100 283 366 506 
4 101 284 367 507 
4 102 285 368 508 
4 103 286 369 509 
4 104 287 370 510 
4 105 288 371 511 
4 106 289 372 512 
4 107 290 373 513 
4 108 291 374 514 
4 55 292 375 515 
4 56 293 376 516 
4 57 294 377 517 
4 58 295 378 518 
4 59 296 325 519 
4 60 297 326 520 
4 61 298 327 521 
4 62 299 328 522 
4 63 300 329 523 
4 64 301 330 524 
4 65 302 331 525 
4 66 303 332 526 
4 67 304 333 527 
4 68 305 334 528 
4 69 306 335 529 
4 70 307 336 530 
4 71 308 337 531 
4 72 309 338 532 
4 73 310 339 533 
4 74 311 340 534 
4 75 312 341 535 
4 76 313 342 536 
4 77 314 343 537 
4 80 197 467 613 
4 81 198 468 614 
4 82 199 469 615 
4 83 200 470 616 
4 84 201 471 617 
4 85 202 472 618 
4 86 203 473 619 
4 87 204 474 620 
4 88 205 475 621 
4 89 206 476 622 
4 90 207 477 623 
4 91 208 478 624 
4 92 209 479 625 
4 93 210 480 626 
4 94 211 481 627 
4 95 212 482 628 
4 96 213 483 629 
4 97 214 484 630 
4 98 215 485 631 
4 99 216 486 632 
4 100 163 433 633 
4 101 164 434 634 
4 102 165 435 635 
4 103 166 436 636 
4 104 167 437 637 
4 105 168 438 638 
4 106 169 439 639 
4 107 170 440 640 
4 108 171 441 641 
4 55 172 442 642 
4 56 173 443 643 
4 57 174 444 644 
4 58 175 445 645 
4 59 176 446 646 
4 60 177 447 647 
4 61 178 448 648 
4 62 179 449 595 
4 63 180 450 596 
4 64 181 451 597 
4 65 182 452 598 
4 66 183 453 599 
4 67 184 454 600 
4 68 185 455 601 
4 69 186 456 602 
4 70 187 457 603 
4 71 188 458 604 
4 72 189 459 605 
4 73 190 460 606 
4 74 191 461 607 
4 75 192 462 608 
4 76 193 463 609 
4 77 194 464 610 
4 78 195 465 611 
4 79 196 466 612 
4 152 260 404 590 
4 153 261 405 591 
4 154 262 406 592 
4 155 263 407 593 
4 156 264 408 594 
4 157 265 409 541 
4 158 266 410 542 
4 159 267 411 543 
4 160 268 412 544 
4 161 269 413 545 
4 162 270 414 546 
4 109 217 415 547 
4 110 218 416 548 
4 111 219 417 549 
4 112 220 418 550 
4 113 221 419 551 
4 114 222 420 552 
4 115 223 421 553 
4 116 224 422 554 
4 117 225 423 555 
4 118 226 424 556 
4 119 227 425 557 
4 120 228 426 558 
4 121 229 427 559 
4 122 230 428 560 
4 123 231 429 561 
4 124 232 430 562 
4 125 233 431 563 
4 126 234 432 564 
4 127 235 379 565 
4 128 236 380 566 
4 129 237 381 567 
4 130 238 382 568 
4 131 239 383 569 
4 132 240 384 570 
4 133 241 385 571 
4 134 242 386 572 
4 135 243 387 573 
4 136 244 388 574 
4 137 245 389 575 
4 138 246 390 576 
4 139 247 391 577 
4 140 248 392 578 
4 141 249 393 579 
4 142 250 394 580 
4 143 251 395 581 
4 144 252 396 582 
4 145 253 397 583 
4 146 254 398 584 
4 147 255 399 585 
4 148 256 400 586 
4 149 257 401 587 
4 150 258 402 588 
4 151 259 403 589 
4 22 315 348 515 
4 23 316 349 516 
4 24 317 350 517 
4 25 318 351 518 
4 26 319 352 519 
4 27 320 353 520 
4 28 321 354 521 
4 29 322 355 522 
4 30 323 356 523 
4 31 324 357 524 
4 32 271 358 525 
4 33 272 359 526 
4 34 273 360 527 
4 35 274 361 528 
4 36 275 362 529 
4 37 276 363 530 
4 38 277 364 531 
4 39 278 365 532 
4 40 279 366 533 
4 41 280 367 534 
4 42 281 368 535 
4 43 282 369 536 
4 44 283 370 537 
4 45 284 371 538 
4 46 285 372 539 
4 47 286 373 540 
4 48 287 374 487 
4 49 288 375 488 
4 50 289 376 489 
4 51 290 377 490 
4 52 291 378 491 
4 53 292 325 492 
4 54 293 326 493 
4 1 294 327 494 
4 2 295 328 495 
4 3 296 329 496 
4 4 297 330 497 
4 5 298 331 498 
4 6 299 332 499 
4 7 300 333 500 
4 8 301 334 501 
4 9 302 335 502 
4 10 303 336 503 
4 11 304 337 504 
4 12 305 338 505 
4 13 306 339 506 
4 14 307 340 507 
4 15 308 341 508 
4 16 309 342 509 
4 17 310 343 510 
4 18 311 344 511 
4 19 312 345 512 
4 20 313 346 513 
4 21 314 347 514 
4 39 197 360 615 
4 40 198 361 616 
4 41 199 362 617 
4 42 200 363 618 
4 43 201 364 619 
4 44 202 365 620 
4 45 203 366 621 
4 46 204 367 622 
4 47 205 368 623 
4 48 206 369 624 
4 49 207 370 625 
4 50 208 371 626 
4 51 209 372 627 
4 52 210 373 628 
4 53 211 374 629 
4 54 212 375 630 
4 1 213 376 631 
4 2 214 377 632 
4 3 215 378 633 
4 4 216 325 634 
4 5 163 326 635 
4 6 164 327 636 
4 7 165 328 637 
4 8 166 329 638 
4 9 167 330 639 
4 10 168 331 640 
4 11 169 332 641 
4 12 170 333 642 
4 13 171 334 643 
4 14 172 335 644 
4 15 173 336 645 
4 16 174 337 646 
4 17 175 338 647 
4 18 176 339 648 
4 19 177 340 595 
4 20 178 341 596 
4 21 179 342 597 
4 22 180 343 598 
4 23 181 344 599 
4 24 182 345 600 
4 25 183 346 601 
4 26 184 347 602 
4 27 185 348 603 
4 28 186 349 604 
4 29 187 350 605 
4 30 188 351 606 
4 31 189 352 607 
4 32 190 353 608 
4 33 191 354 609 
4 34 192 355 610 
4 35 193 356 611 
4 36 194 357 612 
4 37 195 358 613 
4 38 196 359 614 
4 80 307 428 538 
4 81 308 429 539 
4 82 309 430 540 
4 83 310 431 487 
4 84 311 432 488 
4 85 312 379 489 
4 86 313 380 490 
4 87 314 381 491 
4 88 315 382 492 
4 89 316 383 493 
4 90 317 384 494 
4 91 318 385 495 
4 92 319 386 496 
4 93 320 387 497 
4 94 321 388 498 
4 95 322 389 499 
4 96 323 390 500 
4 97 324 391 501 
4 98 271 392 502 
4 99 272 393 503 
4 100 273 394 504 
4 101 274 395 505 
4 102 275 396 506 
4 103 276 397 507 
4 104 277 398 508 
4 105 278 399 509 
4 106 279 400 510 
4 107 280 401 511 
4 108 281 402 512 
4 55 282 403 513 
4 56 283 404 514 
4 57 284 405 515 
4 58 285 406 516 
4 59 286 407 517 
4 60 287 408 518 
4 61 288 409 519 
4 62 289 410 520 
4 63 290 411 521 
4 64 291 412 522 
4 65 292 413 523 
4 66 293 414 524 
4 67 294 415 525 
4 68 295 416 526 
4 69 296 417 527 
4 70 297 418 528 
4 71 298 419 529 
4 72 299 420 530 
4 73 300 421 531 
4 74 301 422 532 
4 75 302 423 533 
4 76 303 424 534 
4 77 304 425 535 
4 78 305 426 536 
4 79 306 427 537 
4 161 227 486 582 
4 162 228 433 583 
4 109 229 434 584 
4 110 230 435 585 
4 111 231 436 586 
4 112 232 437 587 
4 113 233 438 588 
4 114 234 439 589 
4 115 235 440 590 
4 116 236 441 591 
4 117 237 442 592 
4 118 238 443 593 
4 119 239 444 594 
4 120 240 445 541 
4 121 241 446 542 
4 122 242 447 543 
4 123 243 448 544 
4 124 244 449 545 
4 125 245 450 546 
4 126 246 451 547 
4 127 247 452 548 
4 128 248 453 549 
4 129 249 454 550 
4 130 250 455 551 
4 131 251 456 552 
4 132 252 457 553 
4 133 253 458 554 
4 134 254 459 555 
4 135 255 460 556 
4 136 256 461 557 
4 137 257 462 558 
4 138 258 463 559 
4 139 259 464 560 
4 140 260 465 561 
4 141 261 466 562 
4 142 262 467 563 
4 143 263 468 564 
4 144 264 469 565 
4 145 265 470 566 
4 146 266 471 567 
4 147 267 472 568 
4 148 268 473 569 
4 149 269 474 570 
4 150 270 475 571 
4 151 217 476 572 
4 152 218 477 573 
4 153 219 478 574 
4 154 220 479 575 
4 155 221 480 576 
4 156 222 481 577 
4 157 223 482 578 
4 158 224 483 579 
4 159 225 484 580 
4 160 226 485 581 
4 113 323 376 553 
4 114 324 377 554 
4 115 271 378 555 
4 116 272 325 556 
4 117 273 326 557 
4 118 274 327 558 
4 119 275 328 559 
4 120 276 329 560 
4 121 277 330 561 
4 122 278 331 562 
4 123 279 332 563 
4 124 280 333 564 
4 125 281 334 565 
4 126 282 335 566 
4 127 283 336 567 
4 128 284 337 568 
4 129 285 338 569 
4 130 286 339 570 
4 131 287 340 571 
4 132 288 341 572 
4 133 289 342 573 
4 134 290 343 574 
4 135 291 344 575 
4 136 292 345 576 
4 137 293 346 577 
4 138 294 347 578 
4 139 295 348 579 
4 140 296 349 580 
4 141 297 350 581 
4 142 298 351 582 
4 143 299 352 583 
4 144 300 353 584 
4 145 301 354 585 
4 146 302 355 586 
4 147 303 356 587 
4 148 304 357 588 
4 149 305 358 589 
4 150 306 359 590 
4 151 307 360 591 
4 152 308 361 592 
4 153 309 362 593 
4 154 310 363 594 
4 155 311 364 541 
4 156 312 365 542 
4 157 313 366 543 
4 158 314 367 544 
4 159 315 368 545 
4 160 316 369 546 
4 161 317 370 547 
4 162 318 371 548 
4 109 319 372 549 
4 110 320 373 550 
4 111 321 374 551 
4 112 322 375 552 
4 11 204 468 603 
4 12 205 469 604 
4 13 206 470 605 
4 14 207 471 606 
4 15 208 472 607 
4 16 209 473 608 
4 17 210 474 609 
4 18 211 475 610 
4 19 212 476 611 
4 20 213 477 612 
4 21 214 478 613 
4 22 215 479 614 
4 23 216 480 615 
4 24 163 481 616 
4 25 164 482 617 
4 26 165 483 618 
4 27 166 484 619 
4 28 167 485 620 
4 29 168 486 621 
4 30 169 433 622 
4 31 170 434 623 
4 32 171 435 624 
4 33 172 436 625 
4 34 173 437 626 
4 35 174 438 627 
4 36 175 439 628 
4 37 176 440 629 
4 38 177 441 630 
4 39 178 442 631 
4 40 179 443 632 
4 41 180 444 633 
4 42 181 445 634 
4 43 182 446 635 
4 44 183 447 636 
4 45 184 448 637 
4 46 185 449 638 
4 47 186 450 639 
4 48 187 451 640 
4 49 188 452 641 
4 50 189 453 642 
4 51 190 454 643 
4 52 191 455 644 
4 53 192 456 645 
4 54 193 457 646 
4 1 194 458 647 
4 2 195 459 648 
4 3 196 460 595 
4 4 197 461 596 
4 5 198 462 597 
4 6 199 463 598 
4 7 200 464 599 
4 8 201 465 600 
4 9 202 466 601 
4 10 203 467 602 
4 73 267 386 511 
4 74 268 387 512 
4 75 269 388 513 
4 76 270 389 514 
4 77 217 390 515 
4 78 218 391 516 
4 79 219 392 517 
4 80 220 393 518 
4 81 221 394 519 
4 82 222 395 520 
4 83 223 396 521 
4 84 224 397 522 
4 85 225 398 523 
4 86 226 399 524 
4 87 227 400 525 
4 88 228 401 526 
4 89 229 402 527 
4 90 230 403 528 
4 91 231 404 529 
4 92 232 405 530 
4 93 233 406 531 
4 94 234 407 532 
4 95 235 408 533 
4 96 236 409 534 
4 97 237 410 535 
4 98 238 411 536 
4 99 239 412 537 
4 100 240 413 538 
4 101 241 414 539 
4 102 242 415 540 
4 103 243 416 487 
4 104 244 417 488 
4 105 245 418 489 
4 106 246 419 490 
4 107 247 420 491 
4 108 248 421 492 
4 55 249 422 493 
4 56 250 423 494 
4 57 251 424 495 
4 58 252 425 496 
4 59 253 426 497 
4 60 254 427 498 
4 61 255 428 499 
4 62 256 429 500 
4 63 257 430 501 
4 64 258 431 502 
4 65 259 432 503 
4 66 260 379 504 
4 67 261 380 505 
4 68 262 381 506 
4 69 263 382 507 
4 70 264 383 508 
4 71 265 384 509 
4 72 266 385 510 
4 111 257 337 545 
4 112 258 338 546 
4 113 259 339 547 
4 114 260 340 548 
4 115 261 341 549 
4 116 262 342 550 
4 117 263 343 551 
4 118 264 344 552 
4 119 265 345 553 
4 120 266 346 554 
4 121 267 347 555 
4 122 268 348 556 
4 123 269 349 557 
4 124 270 350 558 
4 125 217 351 559 
4 126 218 352 560 
4 127 219 353 561 
4 128 220 354 562 
4 129 221 355 563 
4 130 222 356 564 
4 131 223 357 565 
4 132 224 358 566 
4 133 225 359 567 
4 134 226 360 568 
4 135 227 361 569 
4 136 228 362 570 
4 137 229 363 571 
4 138 230 364 572 
4 139 231 365 573 
4 140 232 366 574 
4 141 233 367 575 
4 142 234 368 576 
4 143 235 369 577 
4 144 236 370 578 
4 145 237 371 579 
4 146 238 372 580 
4 147 239 373 581 
4 148 240 374 582 
4 149 241 375 583 
4 150 242 376 584 
4 151 243 377 585 
4 152 244 378 586 
4 153 245 325 587 
4 154 246 326 588 
4 155 247 327 589 
4 156 248 328 590 
4 157 249 329 591 
4 158 250 330 592 
4 159 251 331 593 
4 160 252 332 594 
4 161 253 333 541 
4 162 254 334 542 
4 109 255 335 543 
4 110 256 336 544 
4 11 190 482 637 
4 12 191 483 638 
4 13 192 484 639 
4 14 193 485 640 
4 15 194 486 641 
4 16 195 433 642 
4 17 196 434 643 
4 18 197 435 644 
4 19 198 436 645 
4 20 199 437 646 
4 21 200 438 647 
4 22 201 439 648 
4 23 202 440 595 
4 24 203 441 596 
4 25 204 442 597 
4 26 205 443 598 
4 27 206 444 599 
4 28 207 445 600 
4 29 208 446 601 
4 30 209 447 602 
4 31 210 448 603 
4 32 211 449 604 
4 33 212 450 605 
4 34 213 451 606 
4 35 214 452 607 
4 36 215 453 608 
4 37 216 454 609 
4 38 163 455 610 
4 39 164 456 611 
4 40 165 457 612 
4 41 166 458 613 
4 42 167 459 614 
4 43 168 460 615 
4 44 169 461 616 
4 45 170 462 617 
4 46 171 463 618 
4 47 172 464 619 
4 48 173 465 620 
4 49 174 466 621 
4 50 175 467 622 
4 51 176 468 623 
4 52 177 469 624 
4 53 178 470 625 
4 54 179 471 626 
4 1 180 472 627 
4 2 181 473 628 
4 3 182 474 629 
4 4 183 475 630 
4 5 184 476 631 
4 6 185 477 632 
4 7 186 478 633 
4 8 187 479 634 
4 9 188 480 635 
4 10 189 481 636 
4 75 306 405 536 
4 76 307 406 537 
4 77 308 407 538 
4 78 309 408 539 
4 79 310 409 540 
4 80 311 410 487 
4 81 312 411 488 
4 82 313 412 489 
4 83 314 413 490 
4 84 315 414 491 
4 85 316 415 492 
4 86 317 416 493 
4 87 318 417 494 
4 88 319 418 495 
4 89 320 419 496 
4 90 321 420 497 
4 91 322 421 498 
4 92 323 422 499 
4 93 324 423 500 
4 94 271 424 501 
4 95 272 425 502 
4 96 273 426 503 
4 97 274 427 504 
4 98 275 428 505 
4 99 276 429 506 
4 100 277 430 507 
4 101 278 431 508 
4 102 279 432 509 
4 103 280 379 510 
4 104 281 380 511 
4 105 282 381 512 
4 106 283 382 513 
4 107 284 383 514 
4 108 285 384 515 
4 55 286 385 516 
4 56 287 386 517 
4 57 288 387 518 
4 58 289 388 519 
4 59 290 389 520 
4 60 291 390 521 
4 61 292 391 522 
4 62 293 392 523 
4 63 294 393 524 
4 64 295 394 525 
4 65 296 395 526 
4 66 297 396 527 
4 67 298 397 528 
4 68 299 398 529 
4 69 300 399 530 
4 70 301 400 531 
4 71 302 401 532 
4 72 303 402 533 
4 73 304 403 534 
4 74 305 404 535 
4 47 213 462 641 
4 48 214 463 642 
4 49 215 464 643 
4 50 216 465 644 
4 51 163 466 645 
4 52 164 467 646 
4 53 165 468 647 
4 54 166 469 648 
4 1 167 470 595 
4 2 168 471 596 
4 3 169 472 597 
4 4 170 473 598 
4 5 171 474 599 
4 6 172 475 600 
4 7 173 476 601 
4 8 174 477 602 
4 9 175 478 603 
4 10 176 479 604 
4 11 177 480 605 
4 12 178 481 606 
4 13 179 482 607 
4 14 180 483 608 
4 15 181 484 609 
4 16 182 485 610 
4 17 183 486 611 
4 18 184 433 612 
4 19 185 434 613 
4 20 186 435 614 
4 21 187 436 615 
4 22 188 437 616 
4 23 189 438 617 
4 24 190 439 618 
4 25 191 440 619 
4 26 192 441 620 
4 27 193 442 621 
4 28 194 443 622 
4 29 195 444 623 
4 30 196 445 624 
4 31 197 446 625 
4 32 198 447 626 
4 33 199 448 627 
4 34 200 449 628 
4 35 201 450 629 
4 36 202 451 630 
4 37 203 452 631 
4 38 204 453 632 
4 39 205 454 633 
4 40 206 455 634 
4 41 207 456 635 
4 42 208 457 636 
4 43 209 458 637 
4 44 210 459 638 
4 45 211 460 639 
4 46 212 461 640 
4 94 287 337 506 
4 95 288 338 507 
4 96 289 339 508 
4 97 290 340 509 
4 98 291 341 510 
4 99 292 342 511 
4 100 293 343 512 
4 101 294 344 513 
4 102 295 345 514 
4 103 296 346 515 
4 104 297 347 516 
4 105 298 348 517 
4 106 299 349 518 
4 107 300 350 519 
4 108 301 351 520 
4 55 302 352 521 
4 56 303 353 522 
4 57 304 354 523 
4 58 305 355 524 
4 59 306 356 525 
4 60 307 357 526 
4 61 308 358 527 
4 62 309 359 528 
4 63 310 360 529 
4 64 311 361 530 
4 65 312 362 531 
4 66 313 363 532 
4 67 314 364 533 
4 68 315 365 534 
4 69 316 366 535 
4 70 317 367 536 
4 71 318 368 537 
4 72 319 369 538 
4 73 320 370 539 
4 74 321 371 540 
4 75 322 372 487 
4 76 323 373 488 
4 77 324 374 489 
4 78 271 375 490 
4 79 272 376 491 
4 80 273 377 492 
4 81 274 378 493 
4 82 275 325 494 
4 83 276 326 495 
4 84 277 327 496 
4 85 278 328 497 
4 86 279 329 498 
4 87 280 330 499 
4 88 281 331 500 
4 89 282 332 501 
4 90 283 333 502 
4 91 284 334 503 
4 92 285 335 504 
4 93 286 336 505 
4 133 226 405 559 
4 134 227 406 560 
4 135 228 407 561 
4 136 229 408 562 
4 137 230 409 563 
4 138 231 410 564 
4 139 232 411 565 
4 140 233 412 566 
4 141 234 413 567 
4 142 235 414 568 
4 143 236 415 569 
4 144 237 416 570 
4 145 238 417 571 
4 146 239 418 572 
4 147 240 419 573 
4 148 241 420 574 
4 149 242 421 575 
4 150 243 422 576 
4 151 244 423 577 
4 152 245 424 578 
4 153 246 425 579 
4 154 247 426 580 
4 155 248 427 581 
4 156 249 428 582 
4 157 250 429 583 
4 158 251 430 584 
4 159 252 431 585 
4 160 253 432 586 
4 161 254 379 587 
4 162 255 380 588 
4 109 256 381 589 
4 110 257 382 590 
4 111 258 383 591 
4 112 259 384 592 
4 113 260 385 593 
4 114 261 386 594 
4 115 262 387 541 
4 116 263 388 542 
4 117 264 389 543 
4 118 265 390 544 
4 119 266 391 545 
4 120 267 392 546 
4 121 268 393 547 
4 122 269 394 548 
4 123 270 395 549 
4 124 217 396 550 
4 125 218 397 551 
4 126 219 398 552 
4 127 220 399 553 
4 128 221 400 554 
4 129 222 401 555 
4 130 223 402 556 
4 131 224 403 557 
4 132 225 404 558 
4 130 254 392 557 
4 131 255 393 558 
4 132 256 394 559 
4 133 257 395 560 
4 134 258 396 561 
4 135 259 397 562 
4 136 260 398 563 
4 137 261 399 564 
4 138 262 400 565 
4 139 263 401 566 
4 140 264 402 567 
4 141 265 403 568 
4 142 266 404 569 
4 143 267 405 570 
4 144 268 406 571 
4 145 269 407 572 
4 146 270 408 573 
4 147 217 409 574 
4 148 218 410 575 
4 149 219 411 576 
4 150 220 412 577 
4 151 221 413 578 
4 152 222 414 579 
4 153 223 415 580 
4 154 224 416 581 
4 155 225 417 582 
4 156 226 418 583 
4 157 227 419 584 
4 158 228 420 585 
4 159 229 421 586 
4 160 230 422 587 
4 161 231 423 588 
4 162 232 424 589 
4 109 233 425 590 
4 110 234 426 591 
4 111 235 427 592 
4 112 236 428 593 
4 113 237 429 594 
4 114 238 430 541 
4 115 239 431 542 
4 116 240 432 543 
4 117 241 379 544 
4 118 242 380 545 
4 119 243 381 546 
4 120 244 382 547 
4 121 245 383 548 
4 122 246 384 549 
4 123 247 385 550 
4 124 248 386 551 
4 125 249 387 552 
4 126 250 388 553 
4 127 251 389 554 
4 128 252 390 555 
4 129 253 391 556 
4 92 294 340 497 
4 93 295 341 498 
4 94 296 342 499 
4 95 297 343 500 
4 96 298 344 501 
4 97 299 345 502 
4 98 300 346 503 
4 99 301 347 504 
4 100 302 348 505 
4 101 303 349 506 
4 102 304 350 507 
4 103 305 351 508 
4 104 306 352 509 
4 105 307 353 510 
4 106 308 354 511 
4 107 309 355 512 
4 108 310 356 513 
4 55 311 357 514 
4 56 312 358 515 
4 57 313 359 516 
4 58 314 360 517 
4 59 315 361 518 
4 60 316 362 519 
4 61 317 363 520 
4 62 318 364 521 
4 63 319 365 522 
4 64 320 366 523 
4 65 321 367 524 
4 66 322 368 525 
4 67 323 369 526 
4 68 324 370 527 
4 69 271 371 528 
4 70 272 372 529 
4 71 273 373 530 
4 72 274 374 531 
4 73 275 375 532 
4 74 276 376 533 
4 75 277 377 534 
4 76 278 378 535 
4 77 279 325 536 
4 78 280 326 537 
4 79 281 327 538 
4 80 282 328 539 
4 81 283 329 540 
4 82 284 330 487 
4 83 285 331 488 
4 84 286 332 489 
4 85 287 333 490 
4 86 288 334 491 
4 87 289 335 492 
4 88 290 336 493 
4 89 291 337 494 
4 90 292 338 495 
4 91 293 339 496 
4 1 190 446 634 
4 2 191 447 635 
4 3 192 448 636 
4 4 193 449 637 
4 5 194 450 638 
4 6 195 451 639 
4 7 196 452 640 
4 8 197 453 641 
4 9 198 454 642 
4 10 199 455 643 
4 11 200 456 644 
4 12 201 457 645 
4 13 202 458 646 
4 14 203 459 647 
4 15 204 460 648 
4 16 205 461 595 
4 17 206 462 596 
4 18 207 463 597 
4 19 208 464 598 
4 20 209 465 599 
4 21 210 466 600 
4 22 211 467 601 
4 23 212 468 602 
4 24 213 469 603 
4 25 214 470 604 
4 26 215 471 605 
4 27 216 472 606 
4 28 163 473 607 
4 29 164 474 608 
4 30 165 475 609 
4 31 166 476 610 
4 32 167 477 611 
4 33 168 478 612 
4 34 169 479 613 
4 35 170 480 614 
4 36 171 481 615 
4 37 172 482 616 
4 38 173 483 617 
4 39 174 484 618 
4 40 175 485 619 
4 41 176 486 620 
4 42 177 433 621 
4 43 178 434 622 
4 44 179 435 623 
4 45 180 436 624 
4 46 181 437 625 
4 47 182 438 626 
4 48 183 439 627 
4 49 184 440 628 
4 50 185 441 629 
4 51 186 442 630 
4 52 187 443 631 
4 53 188 444 632 
4 54 189 445 633 

%%%%%%%%%%%%%%%%%%%%%%%%%%%%%%%%%%%%%%%%%%%%%%%%%%%
GDBF-w/MA decoder
%%%%%%%%%%%%%%%%%%%%%%%%%%%%%%%%%%%%%%%%%%%%%%%%%%%
% decoder optimized for the error floor region
% number of iterations: 300
%iterations after momenum is changed:  30  130	230
alpha_i coefficients:                      2 2 2  
beta_i coefficients:                       2 2 2 
adjacent decoder conectivity 
(1 -> decoders are unconnceted)
(0 -> decoders are connected):         0 1 0
momenum vectors: 
										3	3	0	0
										3	2	2	1
										3	3	3	0
										
%%%%%%%%%%%%%%%%%%%%%%%%%%%%%%%%%%%%%%%%%%%%%%%%%%%
% decoder optimized for the waterfall region
% number of iterations: 300
%iterations after momenum is changed:  30	60	90	150	210	270
alpha_i coefficients:                      1 2 2 2 1 1 1  
beta_i coefficients:                       1 2 2 2 1 1 1
adjacent decoder conectivity r_i
(1 -> decoders are unconnceted)
(0 -> decoders are connected):        0	 0	0	0	0	1
momenum vectors: 
										1	1	0
										2	2	0
										2	2	2
										2	2	2
										1	1	0
										1	1	0
										2	0	0
										
%%%%%%%%%%%%%%%%%%%%%%%%%%%%%%%%%%%%%%%%%%%%%%%%%%%
% decoder optimized for the waterfall region
% number of iterations: 10000
%iterations after momenum is changed:    30	60	90	150	210	270	300	400	500	600	700	800	900	1000
alpha_i coefficients:                      1	2	2	2	1	1	1	1	2	4	1	2	4	4	2 
beta_i coefficients:                       1	2	2	2	1	1	1	3	2	3	1	2	1	1	2
adjacent decoder conectivity r_i
(1 -> decoders are unconnceted)
(0 -> decoders are connected):        0	 0	0	0	0	1	0	1	1	0	0	1	0	1
momenum vectors: 
										1	1	0	0
										2	2	0	0
										2	2	2	0
										2	2	2	0
										1	1	0	0
										1	1	0	0
										2	0	0	0
										3	3	3	0
										3	1	0	0
										1	0	0	0
										2	1	1	1
										3	3	1	1
										2	1	1	0
										0	0	0	0
										2	2	2	0										