// iRISC code
/////code lenght N=1296
/////code rate R=0.75
// column weight-3 code

//////////////////////////////////
////Parity check matrix (connections of varible nodes)
/////////////////////////////////
//first number in each line represents the number of connections
//remaining numbers are indeces of rows connected to specific variable (numbering starts from 1)
3 48 117 234
3 49 118 235
3 50 119 236
3 51 120 237
3 52 121 238
3 53 122 239
3 54 123 240
3 28 124 241
3 29 125 242
3 30 126 243
3 31 127 217
3 32 128 218
3 33 129 219
3 34 130 220
3 35 131 221
3 36 132 222
3 37 133 223
3 38 134 224
3 39 135 225
3 40 109 226
3 41 110 227
3 42 111 228
3 43 112 229
3 44 113 230
3 45 114 231
3 46 115 232
3 47 116 233
3 72 146 266
3 73 147 267
3 74 148 268
3 75 149 269
3 76 150 270
3 77 151 244
3 78 152 245
3 79 153 246
3 80 154 247
3 81 155 248
3 55 156 249
3 56 157 250
3 57 158 251
3 58 159 252
3 59 160 253
3 60 161 254
3 61 162 255
3 62 136 256
3 63 137 257
3 64 138 258
3 65 139 259
3 66 140 260
3 67 141 261
3 68 142 262
3 69 143 263
3 70 144 264
3 71 145 265
3 87 206 294
3 88 207 295
3 89 208 296
3 90 209 297
3 91 210 271
3 92 211 272
3 93 212 273
3 94 213 274
3 95 214 275
3 96 215 276
3 97 216 277
3 98 190 278
3 99 191 279
3 100 192 280
3 101 193 281
3 102 194 282
3 103 195 283
3 104 196 284
3 105 197 285
3 106 198 286
3 107 199 287
3 108 200 288
3 82 201 289
3 83 202 290
3 84 203 291
3 85 204 292
3 86 205 293
3 19 180 324
3 20 181 298
3 21 182 299
3 22 183 300
3 23 184 301
3 24 185 302
3 25 186 303
3 26 187 304
3 27 188 305
3 1 189 306
3 2 163 307
3 3 164 308
3 4 165 309
3 5 166 310
3 6 167 311
3 7 168 312
3 8 169 313
3 9 170 314
3 10 171 315
3 11 172 316
3 12 173 317
3 13 174 318
3 14 175 319
3 15 176 320
3 16 177 321
3 17 178 322
3 18 179 323
3 19 154 224
3 20 155 225
3 21 156 226
3 22 157 227
3 23 158 228
3 24 159 229
3 25 160 230
3 26 161 231
3 27 162 232
3 1 136 233
3 2 137 234
3 3 138 235
3 4 139 236
3 5 140 237
3 6 141 238
3 7 142 239
3 8 143 240
3 9 144 241
3 10 145 242
3 11 146 243
3 12 147 217
3 13 148 218
3 14 149 219
3 15 150 220
3 16 151 221
3 17 152 222
3 18 153 223
3 54 169 305
3 28 170 306
3 29 171 307
3 30 172 308
3 31 173 309
3 32 174 310
3 33 175 311
3 34 176 312
3 35 177 313
3 36 178 314
3 37 179 315
3 38 180 316
3 39 181 317
3 40 182 318
3 41 183 319
3 42 184 320
3 43 185 321
3 44 186 322
3 45 187 323
3 46 188 324
3 47 189 298
3 48 163 299
3 49 164 300
3 50 165 301
3 51 166 302
3 52 167 303
3 53 168 304
3 99 197 282
3 100 198 283
3 101 199 284
3 102 200 285
3 103 201 286
3 104 202 287
3 105 203 288
3 106 204 289
3 107 205 290
3 108 206 291
3 82 207 292
3 83 208 293
3 84 209 294
3 85 210 295
3 86 211 296
3 87 212 297
3 88 213 271
3 89 214 272
3 90 215 273
3 91 216 274
3 92 190 275
3 93 191 276
3 94 192 277
3 95 193 278
3 96 194 279
3 97 195 280
3 98 196 281
3 57 111 256
3 58 112 257
3 59 113 258
3 60 114 259
3 61 115 260
3 62 116 261
3 63 117 262
3 64 118 263
3 65 119 264
3 66 120 265
3 67 121 266
3 68 122 267
3 69 123 268
3 70 124 269
3 71 125 270
3 72 126 244
3 73 127 245
3 74 128 246
3 75 129 247
3 76 130 248
3 77 131 249
3 78 132 250
3 79 133 251
3 80 134 252
3 81 135 253
3 55 109 254
3 56 110 255
3 85 171 274
3 86 172 275
3 87 173 276
3 88 174 277
3 89 175 278
3 90 176 279
3 91 177 280
3 92 178 281
3 93 179 282
3 94 180 283
3 95 181 284
3 96 182 285
3 97 183 286
3 98 184 287
3 99 185 288
3 100 186 289
3 101 187 290
3 102 188 291
3 103 189 292
3 104 163 293
3 105 164 294
3 106 165 295
3 107 166 296
3 108 167 297
3 82 168 271
3 83 169 272
3 84 170 273
3 53 161 249
3 54 162 250
3 28 136 251
3 29 137 252
3 30 138 253
3 31 139 254
3 32 140 255
3 33 141 256
3 34 142 257
3 35 143 258
3 36 144 259
3 37 145 260
3 38 146 261
3 39 147 262
3 40 148 263
3 41 149 264
3 42 150 265
3 43 151 266
3 44 152 267
3 45 153 268
3 46 154 269
3 47 155 270
3 48 156 244
3 49 157 245
3 50 158 246
3 51 159 247
3 52 160 248
3 22 127 235
3 23 128 236
3 24 129 237
3 25 130 238
3 26 131 239
3 27 132 240
3 1 133 241
3 2 134 242
3 3 135 243
3 4 109 217
3 5 110 218
3 6 111 219
3 7 112 220
3 8 113 221
3 9 114 222
3 10 115 223
3 11 116 224
3 12 117 225
3 13 118 226
3 14 119 227
3 15 120 228
3 16 121 229
3 17 122 230
3 18 123 231
3 19 124 232
3 20 125 233
3 21 126 234
3 78 193 314
3 79 194 315
3 80 195 316
3 81 196 317
3 55 197 318
3 56 198 319
3 57 199 320
3 58 200 321
3 59 201 322
3 60 202 323
3 61 203 324
3 62 204 298
3 63 205 299
3 64 206 300
3 65 207 301
3 66 208 302
3 67 209 303
3 68 210 304
3 69 211 305
3 70 212 306
3 71 213 307
3 72 214 308
3 73 215 309
3 74 216 310
3 75 190 311
3 76 191 312
3 77 192 313
3 46 119 250
3 47 120 251
3 48 121 252
3 49 122 253
3 50 123 254
3 51 124 255
3 52 125 256
3 53 126 257
3 54 127 258
3 28 128 259
3 29 129 260
3 30 130 261
3 31 131 262
3 32 132 263
3 33 133 264
3 34 134 265
3 35 135 266
3 36 109 267
3 37 110 268
3 38 111 269
3 39 112 270
3 40 113 244
3 41 114 245
3 42 115 246
3 43 116 247
3 44 117 248
3 45 118 249
3 65 188 320
3 66 189 321
3 67 163 322
3 68 164 323
3 69 165 324
3 70 166 298
3 71 167 299
3 72 168 300
3 73 169 301
3 74 170 302
3 75 171 303
3 76 172 304
3 77 173 305
3 78 174 306
3 79 175 307
3 80 176 308
3 81 177 309
3 55 178 310
3 56 179 311
3 57 180 312
3 58 181 313
3 59 182 314
3 60 183 315
3 61 184 316
3 62 185 317
3 63 186 318
3 64 187 319
3 87 194 274
3 88 195 275
3 89 196 276
3 90 197 277
3 91 198 278
3 92 199 279
3 93 200 280
3 94 201 281
3 95 202 282
3 96 203 283
3 97 204 284
3 98 205 285
3 99 206 286
3 100 207 287
3 101 208 288
3 102 209 289
3 103 210 290
3 104 211 291
3 105 212 292
3 106 213 293
3 107 214 294
3 108 215 295
3 82 216 296
3 83 190 297
3 84 191 271
3 85 192 272
3 86 193 273
3 20 138 238
3 21 139 239
3 22 140 240
3 23 141 241
3 24 142 242
3 25 143 243
3 26 144 217
3 27 145 218
3 1 146 219
3 2 147 220
3 3 148 221
3 4 149 222
3 5 150 223
3 6 151 224
3 7 152 225
3 8 153 226
3 9 154 227
3 10 155 228
3 11 156 229
3 12 157 230
3 13 158 231
3 14 159 232
3 15 160 233
3 16 161 234
3 17 162 235
3 18 136 236
3 19 137 237
3 13 151 265
3 14 152 266
3 15 153 267
3 16 154 268
3 17 155 269
3 18 156 270
3 19 157 244
3 20 158 245
3 21 159 246
3 22 160 247
3 23 161 248
3 24 162 249
3 25 136 250
3 26 137 251
3 27 138 252
3 1 139 253
3 2 140 254
3 3 141 255
3 4 142 256
3 5 143 257
3 6 144 258
3 7 145 259
3 8 146 260
3 9 147 261
3 10 148 262
3 11 149 263
3 12 150 264
3 66 187 324
3 67 188 298
3 68 189 299
3 69 163 300
3 70 164 301
3 71 165 302
3 72 166 303
3 73 167 304
3 74 168 305
3 75 169 306
3 76 170 307
3 77 171 308
3 78 172 309
3 79 173 310
3 80 174 311
3 81 175 312
3 55 176 313
3 56 177 314
3 57 178 315
3 58 179 316
3 59 180 317
3 60 181 318
3 61 182 319
3 62 183 320
3 63 184 321
3 64 185 322
3 65 186 323
3 104 195 294
3 105 196 295
3 106 197 296
3 107 198 297
3 108 199 271
3 82 200 272
3 83 201 273
3 84 202 274
3 85 203 275
3 86 204 276
3 87 205 277
3 88 206 278
3 89 207 279
3 90 208 280
3 91 209 281
3 92 210 282
3 93 211 283
3 94 212 284
3 95 213 285
3 96 214 286
3 97 215 287
3 98 216 288
3 99 190 289
3 100 191 290
3 101 192 291
3 102 193 292
3 103 194 293
3 38 128 225
3 39 129 226
3 40 130 227
3 41 131 228
3 42 132 229
3 43 133 230
3 44 134 231
3 45 135 232
3 46 109 233
3 47 110 234
3 48 111 235
3 49 112 236
3 50 113 237
3 51 114 238
3 52 115 239
3 53 116 240
3 54 117 241
3 28 118 242
3 29 119 243
3 30 120 217
3 31 121 218
3 32 122 219
3 33 123 220
3 34 124 221
3 35 125 222
3 36 126 223
3 37 127 224
3 68 119 248
3 69 120 249
3 70 121 250
3 71 122 251
3 72 123 252
3 73 124 253
3 74 125 254
3 75 126 255
3 76 127 256
3 77 128 257
3 78 129 258
3 79 130 259
3 80 131 260
3 81 132 261
3 55 133 262
3 56 134 263
3 57 135 264
3 58 109 265
3 59 110 266
3 60 111 267
3 61 112 268
3 62 113 269
3 63 114 270
3 64 115 244
3 65 116 245
3 66 117 246
3 67 118 247
3 10 172 318
3 11 173 319
3 12 174 320
3 13 175 321
3 14 176 322
3 15 177 323
3 16 178 324
3 17 179 298
3 18 180 299
3 19 181 300
3 20 182 301
3 21 183 302
3 22 184 303
3 23 185 304
3 24 186 305
3 25 187 306
3 26 188 307
3 27 189 308
3 1 163 309
3 2 164 310
3 3 165 311
3 4 166 312
3 5 167 313
3 6 168 314
3 7 169 315
3 8 170 316
3 9 171 317
3 36 138 237
3 37 139 238
3 38 140 239
3 39 141 240
3 40 142 241
3 41 143 242
3 42 144 243
3 43 145 217
3 44 146 218
3 45 147 219
3 46 148 220
3 47 149 221
3 48 150 222
3 49 151 223
3 50 152 224
3 51 153 225
3 52 154 226
3 53 155 227
3 54 156 228
3 28 157 229
3 29 158 230
3 30 159 231
3 31 160 232
3 32 161 233
3 33 162 234
3 34 136 235
3 35 137 236
3 94 190 276
3 95 191 277
3 96 192 278
3 97 193 279
3 98 194 280
3 99 195 281
3 100 196 282
3 101 197 283
3 102 198 284
3 103 199 285
3 104 200 286
3 105 201 287
3 106 202 288
3 107 203 289
3 108 204 290
3 82 205 291
3 83 206 292
3 84 207 293
3 85 208 294
3 86 209 295
3 87 210 296
3 88 211 297
3 89 212 271
3 90 213 272
3 91 214 273
3 92 215 274
3 93 216 275
3 8 185 264
3 9 186 265
3 10 187 266
3 11 188 267
3 12 189 268
3 13 163 269
3 14 164 270
3 15 165 244
3 16 166 245
3 17 167 246
3 18 168 247
3 19 169 248
3 20 170 249
3 21 171 250
3 22 172 251
3 23 173 252
3 24 174 253
3 25 175 254
3 26 176 255
3 27 177 256
3 1 178 257
3 2 179 258
3 3 180 259
3 4 181 260
3 5 182 261
3 6 183 262
3 7 184 263
3 67 112 311
3 68 113 312
3 69 114 313
3 70 115 314
3 71 116 315
3 72 117 316
3 73 118 317
3 74 119 318
3 75 120 319
3 76 121 320
3 77 122 321
3 78 123 322
3 79 124 323
3 80 125 324
3 81 126 298
3 55 127 299
3 56 128 300
3 57 129 301
3 58 130 302
3 59 131 303
3 60 132 304
3 61 133 305
3 62 134 306
3 63 135 307
3 64 109 308
3 65 110 309
3 66 111 310
3 29 151 241
3 30 152 242
3 31 153 243
3 32 154 217
3 33 155 218
3 34 156 219
3 35 157 220
3 36 158 221
3 37 159 222
3 38 160 223
3 39 161 224
3 40 162 225
3 41 136 226
3 42 137 227
3 43 138 228
3 44 139 229
3 45 140 230
3 46 141 231
3 47 142 232
3 48 143 233
3 49 144 234
3 50 145 235
3 51 146 236
3 52 147 237
3 53 148 238
3 54 149 239
3 28 150 240
3 102 195 276
3 103 196 277
3 104 197 278
3 105 198 279
3 106 199 280
3 107 200 281
3 108 201 282
3 82 202 283
3 83 203 284
3 84 204 285
3 85 205 286
3 86 206 287
3 87 207 288
3 88 208 289
3 89 209 290
3 90 210 291
3 91 211 292
3 92 212 293
3 93 213 294
3 94 214 295
3 95 215 296
3 96 216 297
3 97 190 271
3 98 191 272
3 99 192 273
3 100 193 274
3 101 194 275
3 42 118 238
3 43 119 239
3 44 120 240
3 45 121 241
3 46 122 242
3 47 123 243
3 48 124 217
3 49 125 218
3 50 126 219
3 51 127 220
3 52 128 221
3 53 129 222
3 54 130 223
3 28 131 224
3 29 132 225
3 30 133 226
3 31 134 227
3 32 135 228
3 33 109 229
3 34 110 230
3 35 111 231
3 36 112 232
3 37 113 233
3 38 114 234
3 39 115 235
3 40 116 236
3 41 117 237
3 95 164 305
3 96 165 306
3 97 166 307
3 98 167 308
3 99 168 309
3 100 169 310
3 101 170 311
3 102 171 312
3 103 172 313
3 104 173 314
3 105 174 315
3 106 175 316
3 107 176 317
3 108 177 318
3 82 178 319
3 83 179 320
3 84 180 321
3 85 181 322
3 86 182 323
3 87 183 324
3 88 184 298
3 89 185 299
3 90 186 300
3 91 187 301
3 92 188 302
3 93 189 303
3 94 163 304
3 10 190 294
3 11 191 295
3 12 192 296
3 13 193 297
3 14 194 271
3 15 195 272
3 16 196 273
3 17 197 274
3 18 198 275
3 19 199 276
3 20 200 277
3 21 201 278
3 22 202 279
3 23 203 280
3 24 204 281
3 25 205 282
3 26 206 283
3 27 207 284
3 1 208 285
3 2 209 286
3 3 210 287
3 4 211 288
3 5 212 289
3 6 213 290
3 7 214 291
3 8 215 292
3 9 216 293
3 60 148 252
3 61 149 253
3 62 150 254
3 63 151 255
3 64 152 256
3 65 153 257
3 66 154 258
3 67 155 259
3 68 156 260
3 69 157 261
3 70 158 262
3 71 159 263
3 72 160 264
3 73 161 265
3 74 162 266
3 75 136 267
3 76 137 268
3 77 138 269
3 78 139 270
3 79 140 244
3 80 141 245
3 81 142 246
3 55 143 247
3 56 144 248
3 57 145 249
3 58 146 250
3 59 147 251
3 54 208 287
3 28 209 288
3 29 210 289
3 30 211 290
3 31 212 291
3 32 213 292
3 33 214 293
3 34 215 294
3 35 216 295
3 36 190 296
3 37 191 297
3 38 192 271
3 39 193 272
3 40 194 273
3 41 195 274
3 42 196 275
3 43 197 276
3 44 198 277
3 45 199 278
3 46 200 279
3 47 201 280
3 48 202 281
3 49 203 282
3 50 204 283
3 51 205 284
3 52 206 285
3 53 207 286
3 16 145 253
3 17 146 254
3 18 147 255
3 19 148 256
3 20 149 257
3 21 150 258
3 22 151 259
3 23 152 260
3 24 153 261
3 25 154 262
3 26 155 263
3 27 156 264
3 1 157 265
3 2 158 266
3 3 159 267
3 4 160 268
3 5 161 269
3 6 162 270
3 7 136 244
3 8 137 245
3 9 138 246
3 10 139 247
3 11 140 248
3 12 141 249
3 13 142 250
3 14 143 251
3 15 144 252
3 85 175 320
3 86 176 321
3 87 177 322
3 88 178 323
3 89 179 324
3 90 180 298
3 91 181 299
3 92 182 300
3 93 183 301
3 94 184 302
3 95 185 303
3 96 186 304
3 97 187 305
3 98 188 306
3 99 189 307
3 100 163 308
3 101 164 309
3 102 165 310
3 103 166 311
3 104 167 312
3 105 168 313
3 106 169 314
3 107 170 315
3 108 171 316
3 82 172 317
3 83 173 318
3 84 174 319
3 81 127 221
3 55 128 222
3 56 129 223
3 57 130 224
3 58 131 225
3 59 132 226
3 60 133 227
3 61 134 228
3 62 135 229
3 63 109 230
3 64 110 231
3 65 111 232
3 66 112 233
3 67 113 234
3 68 114 235
3 69 115 236
3 70 116 237
3 71 117 238
3 72 118 239
3 73 119 240
3 74 120 241
3 75 121 242
3 76 122 243
3 77 123 217
3 78 124 218
3 79 125 219
3 80 126 220
3 10 140 245
3 11 141 246
3 12 142 247
3 13 143 248
3 14 144 249
3 15 145 250
3 16 146 251
3 17 147 252
3 18 148 253
3 19 149 254
3 20 150 255
3 21 151 256
3 22 152 257
3 23 153 258
3 24 154 259
3 25 155 260
3 26 156 261
3 27 157 262
3 1 158 263
3 2 159 264
3 3 160 265
3 4 161 266
3 5 162 267
3 6 136 268
3 7 137 269
3 8 138 270
3 9 139 244
3 61 163 317
3 62 164 318
3 63 165 319
3 64 166 320
3 65 167 321
3 66 168 322
3 67 169 323
3 68 170 324
3 69 171 298
3 70 172 299
3 71 173 300
3 72 174 301
3 73 175 302
3 74 176 303
3 75 177 304
3 76 178 305
3 77 179 306
3 78 180 307
3 79 181 308
3 80 182 309
3 81 183 310
3 55 184 311
3 56 185 312
3 57 186 313
3 58 187 314
3 59 188 315
3 60 189 316
3 38 125 229
3 39 126 230
3 40 127 231
3 41 128 232
3 42 129 233
3 43 130 234
3 44 131 235
3 45 132 236
3 46 133 237
3 47 134 238
3 48 135 239
3 49 109 240
3 50 110 241
3 51 111 242
3 52 112 243
3 53 113 217
3 54 114 218
3 28 115 219
3 29 116 220
3 30 117 221
3 31 118 222
3 32 119 223
3 33 120 224
3 34 121 225
3 35 122 226
3 36 123 227
3 37 124 228
3 100 212 285
3 101 213 286
3 102 214 287
3 103 215 288
3 104 216 289
3 105 190 290
3 106 191 291
3 107 192 292
3 108 193 293
3 82 194 294
3 83 195 295
3 84 196 296
3 85 197 297
3 86 198 271
3 87 199 272
3 88 200 273
3 89 201 274
3 90 202 275
3 91 203 276
3 92 204 277
3 93 205 278
3 94 206 279
3 95 207 280
3 96 208 281
3 97 209 282
3 98 210 283
3 99 211 284
3 107 197 266
3 108 198 267
3 82 199 268
3 83 200 269
3 84 201 270
3 85 202 244
3 86 203 245
3 87 204 246
3 88 205 247
3 89 206 248
3 90 207 249
3 91 208 250
3 92 209 251
3 93 210 252
3 94 211 253
3 95 212 254
3 96 213 255
3 97 214 256
3 98 215 257
3 99 216 258
3 100 190 259
3 101 191 260
3 102 192 261
3 103 193 262
3 104 194 263
3 105 195 264
3 106 196 265
3 48 128 220
3 49 129 221
3 50 130 222
3 51 131 223
3 52 132 224
3 53 133 225
3 54 134 226
3 28 135 227
3 29 109 228
3 30 110 229
3 31 111 230
3 32 112 231
3 33 113 232
3 34 114 233
3 35 115 234
3 36 116 235
3 37 117 236
3 38 118 237
3 39 119 238
3 40 120 239
3 41 121 240
3 42 122 241
3 43 123 242
3 44 124 243
3 45 125 217
3 46 126 218
3 47 127 219
3 71 162 297
3 72 136 271
3 73 137 272
3 74 138 273
3 75 139 274
3 76 140 275
3 77 141 276
3 78 142 277
3 79 143 278
3 80 144 279
3 81 145 280
3 55 146 281
3 56 147 282
3 57 148 283
3 58 149 284
3 59 150 285
3 60 151 286
3 61 152 287
3 62 153 288
3 63 154 289
3 64 155 290
3 65 156 291
3 66 157 292
3 67 158 293
3 68 159 294
3 69 160 295
3 70 161 296
3 27 166 309
3 1 167 310
3 2 168 311
3 3 169 312
3 4 170 313
3 5 171 314
3 6 172 315
3 7 173 316
3 8 174 317
3 9 175 318
3 10 176 319
3 11 177 320
3 12 178 321
3 13 179 322
3 14 180 323
3 15 181 324
3 16 182 298
3 17 183 299
3 18 184 300
3 19 185 301
3 20 186 302
3 21 187 303
3 22 188 304
3 23 189 305
3 24 163 306
3 25 164 307
3 26 165 308
3 9 183 306
3 10 184 307
3 11 185 308
3 12 186 309
3 13 187 310
3 14 188 311
3 15 189 312
3 16 163 313
3 17 164 314
3 18 165 315
3 19 166 316
3 20 167 317
3 21 168 318
3 22 169 319
3 23 170 320
3 24 171 321
3 25 172 322
3 26 173 323
3 27 174 324
3 1 175 298
3 2 176 299
3 3 177 300
3 4 178 301
3 5 179 302
3 6 180 303
3 7 181 304
3 8 182 305
3 38 141 227
3 39 142 228
3 40 143 229
3 41 144 230
3 42 145 231
3 43 146 232
3 44 147 233
3 45 148 234
3 46 149 235
3 47 150 236
3 48 151 237
3 49 152 238
3 50 153 239
3 51 154 240
3 52 155 241
3 53 156 242
3 54 157 243
3 28 158 217
3 29 159 218
3 30 160 219
3 31 161 220
3 32 162 221
3 33 136 222
3 34 137 223
3 35 138 224
3 36 139 225
3 37 140 226
3 104 191 292
3 105 192 293
3 106 193 294
3 107 194 295
3 108 195 296
3 82 196 297
3 83 197 271
3 84 198 272
3 85 199 273
3 86 200 274
3 87 201 275
3 88 202 276
3 89 203 277
3 90 204 278
3 91 205 279
3 92 206 280
3 93 207 281
3 94 208 282
3 95 209 283
3 96 210 284
3 97 211 285
3 98 212 286
3 99 213 287
3 100 214 288
3 101 215 289
3 102 216 290
3 103 190 291
3 74 134 267
3 75 135 268
3 76 109 269
3 77 110 270
3 78 111 244
3 79 112 245
3 80 113 246
3 81 114 247
3 55 115 248
3 56 116 249
3 57 117 250
3 58 118 251
3 59 119 252
3 60 120 253
3 61 121 254
3 62 122 255
3 63 123 256
3 64 124 257
3 65 125 258
3 66 126 259
3 67 127 260
3 68 128 261
3 69 129 262
3 70 130 263
3 71 131 264
3 72 132 265
3 73 133 266

////////////////////////////////////////////////////
///AD-GDBF decoder
///////////////////////////////////////////////////

////////////////////////////////////
Total number of iterations: 510
////////////////////////////////////
/////////////////////////
Component decoder:  1
alpha scalling:  1
beta scaling:  1
Iteration range:  1  -  30
Momentum values: 0 0 0 
/////////////////////////
Component decoder:  2
alpha scalling:  1
beta scaling:  1
Iteration range: 31  -  60
Restart switch (r_i): 1
Momentum values: 2 1 0 
/////////////////////////
Component decoder:  3
alpha scalling:  1
beta scaling:  1
Iteration range: 61  -  90
Restart switch (r_i): 0
Momentum values: 2 0 0 
/////////////////////////
Component decoder:  4
alpha scalling:  1
beta scaling:  1
Iteration range: 91  - 120
Restart switch (r_i): 1
Momentum values: 2 1 0 
/////////////////////////
Component decoder:  5
alpha scalling:  1
beta scaling:  1
Iteration range: 121  - 150
Restart switch (r_i): 0
Momentum values: 2 2 1 
/////////////////////////
Component decoder:  6
alpha scalling:  1
beta scaling:  1
Iteration range: 151  - 180
Restart switch (r_i): 0
Momentum values: 0 0 0 
/////////////////////////
Component decoder:  7
alpha scalling:  1
beta scaling:  1
Iteration range: 181  - 210
Restart switch (r_i): 0
Momentum values: 0 0 0 
/////////////////////////
Component decoder:  8
alpha scalling:  1
beta scaling:  1
Iteration range: 211  - 240
Restart switch (r_i): 1
Momentum values: 0 0 0 
/////////////////////////
Component decoder:  9
alpha scalling:  1
beta scaling:  1
Iteration range: 241  - 270
Restart switch (r_i): 1
Momentum values: 1 0 0 
/////////////////////////
Component decoder: 10
alpha scalling:  1
beta scaling:  1
Iteration range: 271  - 300
Restart switch (r_i): 1
Momentum values: 0 0 0 
/////////////////////////
Component decoder: 11
alpha scalling:  1
beta scaling:  1
Iteration range: 301  - 330
Restart switch (r_i): 1
Momentum values: 1 1 0 
/////////////////////////
Component decoder: 12
alpha scalling:  1
beta scaling:  1
Iteration range: 331  - 360
Restart switch (r_i): 0
Momentum values: 0 0 0 
/////////////////////////
Component decoder: 13
alpha scalling:  1
beta scaling:  1
Iteration range: 361  - 390
Restart switch (r_i): 1
Momentum values: 2 0 0 
/////////////////////////
Component decoder: 14
alpha scalling:  1
beta scaling:  1
Iteration range: 391  - 420
Restart switch (r_i): 0
Momentum values: 0 0 0 
/////////////////////////
Component decoder: 15
alpha scalling:  1
beta scaling:  1
Iteration range: 421  - 450
Restart switch (r_i): 1
Momentum values: 1 1 0 
/////////////////////////
Component decoder: 16
alpha scalling:  1
beta scaling:  1
Iteration range: 451  - 480
Restart switch (r_i): 0
Momentum values: 1 1 1 
/////////////////////////
Component decoder: 17
alpha scalling:  1
beta scaling:  1
Iteration range: 481  - 510
Restart switch (r_i): 0
Momentum values: 1 0 0 
////////////////////////////////////
Total number of iterations: 990
////////////////////////////////////

/////////////////////////
Component decoder:  1
Iteration range:  1  -  30
alpha scalling:  1
beta scalling:  1
Momentum values: 0 0 0 
/////////////////////////
Component decoder:  2
Iteration range: 31  -  60
alpha scalling:  1
beta scalling:  1
Restart switch (r_i): 1
Momentum values: 2 1 0 
/////////////////////////
Component decoder:  3
Iteration range: 61  -  90
alpha scalling:  1
beta scalling:  1
Restart switch (r_i): 0
Momentum values: 2 0 0 
/////////////////////////
Component decoder:  4
Iteration range: 91  - 120
alpha scalling:  1
beta scalling:  1
Restart switch (r_i): 1
Momentum values: 2 1 0 
/////////////////////////
Component decoder:  5
Iteration range: 121  - 150
alpha scalling:  1
beta scalling:  1
Restart switch (r_i): 0
Momentum values: 2 2 1 
/////////////////////////
Component decoder:  6
Iteration range: 151  - 180
alpha scalling:  1
beta scalling:  1
Restart switch (r_i): 0
Momentum values: 0 0 0 
/////////////////////////
Component decoder:  7
Iteration range: 181  - 210
alpha scalling:  1
beta scalling:  1
Restart switch (r_i): 0
Momentum values: 0 0 0 
/////////////////////////
Component decoder:  8
Iteration range: 211  - 240
alpha scalling:  1
beta scalling:  1
Restart switch (r_i): 1
Momentum values: 0 0 0 
/////////////////////////
Component decoder:  9
Iteration range: 241  - 270
alpha scalling:  1
beta scalling:  1
Restart switch (r_i): 1
Momentum values: 1 0 0 
/////////////////////////
Component decoder: 10
Iteration range: 271  - 300
alpha scalling:  1
beta scalling:  1
Restart switch (r_i): 1
Momentum values: 0 0 0 
/////////////////////////
Component decoder: 11
Iteration range: 301  - 330
alpha scalling:  1
beta scalling:  1
Restart switch (r_i): 1
Momentum values: 1 1 0 
/////////////////////////
Component decoder: 12
Iteration range: 331  - 360
alpha scalling:  1
beta scalling:  1
Restart switch (r_i): 0
Momentum values: 0 0 0 
/////////////////////////
Component decoder: 13
Iteration range: 361  - 390
alpha scalling:  1
beta scalling:  1
Restart switch (r_i): 1
Momentum values: 2 0 0 
/////////////////////////
Component decoder: 14
Iteration range: 391  - 420
alpha scalling:  1
beta scalling:  1
Restart switch (r_i): 0
Momentum values: 0 0 0 
/////////////////////////
Component decoder: 15
Iteration range: 421  - 450
alpha scalling:  1
beta scalling:  1
Restart switch (r_i): 1
Momentum values: 1 1 0 
/////////////////////////
Component decoder: 16
Iteration range: 451  - 480
alpha scalling:  1
beta scalling:  1
Restart switch (r_i): 0
Momentum values: 1 1 1 
/////////////////////////
Component decoder: 17
Iteration range: 481  - 510
alpha scalling:  1
beta scalling:  1
Restart switch (r_i): 0
Momentum values: 1 0 0 
/////////////////////////
Component decoder: 18
Iteration range: 511  - 540
alpha scalling:  1
beta scalling:  1
Restart switch (r_i): 0
Momentum values: 1 1 0 
/////////////////////////
Component decoder: 19
Iteration range: 541  - 570
alpha scalling:  1
beta scalling:  1
Restart switch (r_i): 1
Momentum values: 1 1 0 
/////////////////////////
Component decoder: 20
Iteration range: 571  - 600
alpha scalling:  1
beta scalling:  1
Restart switch (r_i): 0
Momentum values: 2 1 0 
/////////////////////////
Component decoder: 21
Iteration range: 601  - 630
alpha scalling:  1
beta scalling:  1
Restart switch (r_i): 0
Momentum values: 2 0 0 
/////////////////////////
Component decoder: 22
Iteration range: 631  - 660
alpha scalling:  1
beta scalling:  1
Restart switch (r_i): 0
Momentum values: 1 1 0 
/////////////////////////
Component decoder: 23
Iteration range: 661  - 690
alpha scalling:  1
beta scalling:  1
Restart switch (r_i): 1
Momentum values: 2 0 0 
/////////////////////////
Component decoder: 24
Iteration range: 691  - 720
alpha scalling:  1
beta scalling:  1
Restart switch (r_i): 1
Momentum values: 2 1 1 
/////////////////////////
Component decoder: 25
Iteration range: 721  - 750
alpha scalling:  1
beta scalling:  1
Restart switch (r_i): 0
Momentum values: 0 0 0 
/////////////////////////
Component decoder: 26
Iteration range: 751  - 780
alpha scalling:  1
beta scalling:  1
Restart switch (r_i): 0
Momentum values: 1 1 1 
/////////////////////////
Component decoder: 27
Iteration range: 781  - 810
alpha scalling:  1
beta scalling:  1
Restart switch (r_i): 1
Momentum values: 2 1 1 
/////////////////////////
Component decoder: 28
Iteration range: 811  - 840
alpha scalling:  1
beta scalling:  1
Restart switch (r_i): 0
Momentum values: 0 0 0 
/////////////////////////
Component decoder: 29
Iteration range: 841  - 870
alpha scalling:  1
beta scalling:  1
Restart switch (r_i): 1
Momentum values: 2 1 0 
/////////////////////////
Component decoder: 30
Iteration range: 871  - 900
alpha scalling:  1
beta scalling:  1
Restart switch (r_i): 0
Momentum values: 0 0 0 
/////////////////////////
Component decoder: 31
Iteration range: 901  - 930
alpha scalling:  1
beta scalling:  1
Restart switch (r_i): 0
Momentum values: 1 0 0 
/////////////////////////
Component decoder: 32
Iteration range: 931  - 960
alpha scalling:  1
beta scalling:  1
Restart switch (r_i): 0
Momentum values: 0 0 0 
/////////////////////////
Component decoder: 33
Iteration range: 961  - 990
alpha scalling:  1
beta scalling:  1
Restart switch (r_i): 1
Momentum values: 2 1 0 
