%code lenght N=1276
%code rate R=0.76

%%%%%%%%%%%%%%%%%%%%%%%%%%%%%%%%%
%Parity check matrix (connections of varible nodes)
%%%%%%%%%%%%%%%%%%%%%%%%%%%%%%%%
%first number in each line represents the number of connections
% remaining numbers are indeces of rows connected to specific variable (numbering starts from 1)

7 15 56 127 168 179 222 279
7 16 57 128 169 180 223 280
7 17 58 129 170 181 224 281
7 18 59 130 171 182 225 282
7 19 60 131 172 183 226 283
7 20 61 132 173 184 227 284
7 21 62 89 174 185 228 285
7 22 63 90 175 186 229 286
7 23 64 91 176 187 230 287
7 24 65 92 133 188 231 288
7 25 66 93 134 189 232 289
7 26 67 94 135 190 233 290
7 27 68 95 136 191 234 291
7 28 69 96 137 192 235 292
7 29 70 97 138 193 236 293
7 30 71 98 139 194 237 294
7 31 72 99 140 195 238 295
7 32 73 100 141 196 239 296
7 33 74 101 142 197 240 297
7 34 75 102 143 198 241 298
7 35 76 103 144 199 242 299
7 36 77 104 145 200 243 300
7 37 78 105 146 201 244 301
7 38 79 106 147 202 245 302
7 39 80 107 148 203 246 303
7 40 81 108 149 204 247 304
7 41 82 109 150 205 248 305
7 42 83 110 151 206 249 306
7 43 84 111 152 207 250 307
7 44 85 112 153 208 251 308
7 1 86 113 154 209 252 265
7 2 87 114 155 210 253 266
7 3 88 115 156 211 254 267
7 4 45 116 157 212 255 268
7 5 46 117 158 213 256 269
7 6 47 118 159 214 257 270
7 7 48 119 160 215 258 271
7 8 49 120 161 216 259 272
7 9 50 121 162 217 260 273
7 10 51 122 163 218 261 274
7 11 52 123 164 219 262 275
7 12 53 124 165 220 263 276
7 13 54 125 166 177 264 277
7 14 55 126 167 178 221 278
5 15 98 171 185 223 0 0
5 16 99 172 186 224 0 0
5 17 100 173 187 225 0 0
5 18 101 174 188 226 0 0
5 19 102 175 189 227 0 0
5 20 103 176 190 228 0 0
5 21 104 133 191 229 0 0
5 22 105 134 192 230 0 0
5 23 106 135 193 231 0 0
5 24 107 136 194 232 0 0
5 25 108 137 195 233 0 0
5 26 109 138 196 234 0 0
5 27 110 139 197 235 0 0
5 28 111 140 198 236 0 0
5 29 112 141 199 237 0 0
5 30 113 142 200 238 0 0
5 31 114 143 201 239 0 0
5 32 115 144 202 240 0 0
5 33 116 145 203 241 0 0
5 34 117 146 204 242 0 0
5 35 118 147 205 243 0 0
5 36 119 148 206 244 0 0
5 37 120 149 207 245 0 0
5 38 121 150 208 246 0 0
5 39 122 151 209 247 0 0
5 40 123 152 210 248 0 0
5 41 124 153 211 249 0 0
5 42 125 154 212 250 0 0
5 43 126 155 213 251 0 0
5 44 127 156 214 252 0 0
5 1 128 157 215 253 0 0
5 2 129 158 216 254 0 0
5 3 130 159 217 255 0 0
5 4 131 160 218 256 0 0
5 5 132 161 219 257 0 0
5 6 89 162 220 258 0 0
5 7 90 163 177 259 0 0
5 8 91 164 178 260 0 0
5 9 92 165 179 261 0 0
5 10 93 166 180 262 0 0
5 11 94 167 181 263 0 0
5 12 95 168 182 264 0 0
5 13 96 169 183 221 0 0
5 14 97 170 184 222 0 0
3 10 84 96 0 0 0 0
3 11 85 97 0 0 0 0
3 12 86 98 0 0 0 0
3 13 87 99 0 0 0 0
3 14 88 100 0 0 0 0
3 15 45 101 0 0 0 0
3 16 46 102 0 0 0 0
3 17 47 103 0 0 0 0
3 18 48 104 0 0 0 0
3 19 49 105 0 0 0 0
3 20 50 106 0 0 0 0
3 21 51 107 0 0 0 0
3 22 52 108 0 0 0 0
3 23 53 109 0 0 0 0
3 24 54 110 0 0 0 0
3 25 55 111 0 0 0 0
3 26 56 112 0 0 0 0
3 27 57 113 0 0 0 0
3 28 58 114 0 0 0 0
3 29 59 115 0 0 0 0
3 30 60 116 0 0 0 0
3 31 61 117 0 0 0 0
3 32 62 118 0 0 0 0
3 33 63 119 0 0 0 0
3 34 64 120 0 0 0 0
3 35 65 121 0 0 0 0
3 36 66 122 0 0 0 0
3 37 67 123 0 0 0 0
3 38 68 124 0 0 0 0
3 39 69 125 0 0 0 0
3 40 70 126 0 0 0 0
3 41 71 127 0 0 0 0
3 42 72 128 0 0 0 0
3 43 73 129 0 0 0 0
3 44 74 130 0 0 0 0
3 1 75 131 0 0 0 0
3 2 76 132 0 0 0 0
3 3 77 89 0 0 0 0
3 4 78 90 0 0 0 0
3 5 79 91 0 0 0 0
3 6 80 92 0 0 0 0
3 7 81 93 0 0 0 0
3 8 82 94 0 0 0 0
3 9 83 95 0 0 0 0
4 23 81 172 234 0 0 0
4 24 82 173 235 0 0 0
4 25 83 174 236 0 0 0
4 26 84 175 237 0 0 0
4 27 85 176 238 0 0 0
4 28 86 133 239 0 0 0
4 29 87 134 240 0 0 0
4 30 88 135 241 0 0 0
4 31 45 136 242 0 0 0
4 32 46 137 243 0 0 0
4 33 47 138 244 0 0 0
4 34 48 139 245 0 0 0
4 35 49 140 246 0 0 0
4 36 50 141 247 0 0 0
4 37 51 142 248 0 0 0
4 38 52 143 249 0 0 0
4 39 53 144 250 0 0 0
4 40 54 145 251 0 0 0
4 41 55 146 252 0 0 0
4 42 56 147 253 0 0 0
4 43 57 148 254 0 0 0
4 44 58 149 255 0 0 0
4 1 59 150 256 0 0 0
4 2 60 151 257 0 0 0
4 3 61 152 258 0 0 0
4 4 62 153 259 0 0 0
4 5 63 154 260 0 0 0
4 6 64 155 261 0 0 0
4 7 65 156 262 0 0 0
4 8 66 157 263 0 0 0
4 9 67 158 264 0 0 0
4 10 68 159 221 0 0 0
4 11 69 160 222 0 0 0
4 12 70 161 223 0 0 0
4 13 71 162 224 0 0 0
4 14 72 163 225 0 0 0
4 15 73 164 226 0 0 0
4 16 74 165 227 0 0 0
4 17 75 166 228 0 0 0
4 18 76 167 229 0 0 0
4 19 77 168 230 0 0 0
4 20 78 169 231 0 0 0
4 21 79 170 232 0 0 0
4 22 80 171 233 0 0 0
3 59 95 162 0 0 0 0
3 60 96 163 0 0 0 0
3 61 97 164 0 0 0 0
3 62 98 165 0 0 0 0
3 63 99 166 0 0 0 0
3 64 100 167 0 0 0 0
3 65 101 168 0 0 0 0
3 66 102 169 0 0 0 0
3 67 103 170 0 0 0 0
3 68 104 171 0 0 0 0
3 69 105 172 0 0 0 0
3 70 106 173 0 0 0 0
3 71 107 174 0 0 0 0
3 72 108 175 0 0 0 0
3 73 109 176 0 0 0 0
3 74 110 133 0 0 0 0
3 75 111 134 0 0 0 0
3 76 112 135 0 0 0 0
3 77 113 136 0 0 0 0
3 78 114 137 0 0 0 0
3 79 115 138 0 0 0 0
3 80 116 139 0 0 0 0
3 81 117 140 0 0 0 0
3 82 118 141 0 0 0 0
3 83 119 142 0 0 0 0
3 84 120 143 0 0 0 0
3 85 121 144 0 0 0 0
3 86 122 145 0 0 0 0
3 87 123 146 0 0 0 0
3 88 124 147 0 0 0 0
3 45 125 148 0 0 0 0
3 46 126 149 0 0 0 0
3 47 127 150 0 0 0 0
3 48 128 151 0 0 0 0
3 49 129 152 0 0 0 0
3 50 130 153 0 0 0 0
3 51 131 154 0 0 0 0
3 52 132 155 0 0 0 0
3 53 89 156 0 0 0 0
3 54 90 157 0 0 0 0
3 55 91 158 0 0 0 0
3 56 92 159 0 0 0 0
3 57 93 160 0 0 0 0
3 58 94 161 0 0 0 0
3 14 85 110 0 0 0 0
3 15 86 111 0 0 0 0
3 16 87 112 0 0 0 0
3 17 88 113 0 0 0 0
3 18 45 114 0 0 0 0
3 19 46 115 0 0 0 0
3 20 47 116 0 0 0 0
3 21 48 117 0 0 0 0
3 22 49 118 0 0 0 0
3 23 50 119 0 0 0 0
3 24 51 120 0 0 0 0
3 25 52 121 0 0 0 0
3 26 53 122 0 0 0 0
3 27 54 123 0 0 0 0
3 28 55 124 0 0 0 0
3 29 56 125 0 0 0 0
3 30 57 126 0 0 0 0
3 31 58 127 0 0 0 0
3 32 59 128 0 0 0 0
3 33 60 129 0 0 0 0
3 34 61 130 0 0 0 0
3 35 62 131 0 0 0 0
3 36 63 132 0 0 0 0
3 37 64 89 0 0 0 0
3 38 65 90 0 0 0 0
3 39 66 91 0 0 0 0
3 40 67 92 0 0 0 0
3 41 68 93 0 0 0 0
3 42 69 94 0 0 0 0
3 43 70 95 0 0 0 0
3 44 71 96 0 0 0 0
3 1 72 97 0 0 0 0
3 2 73 98 0 0 0 0
3 3 74 99 0 0 0 0
3 4 75 100 0 0 0 0
3 5 76 101 0 0 0 0
3 6 77 102 0 0 0 0
3 7 78 103 0 0 0 0
3 8 79 104 0 0 0 0
3 9 80 105 0 0 0 0
3 10 81 106 0 0 0 0
3 11 82 107 0 0 0 0
3 12 83 108 0 0 0 0
3 13 84 109 0 0 0 0
4 12 132 170 280 0 0 0
4 13 89 171 281 0 0 0
4 14 90 172 282 0 0 0
4 15 91 173 283 0 0 0
4 16 92 174 284 0 0 0
4 17 93 175 285 0 0 0
4 18 94 176 286 0 0 0
4 19 95 133 287 0 0 0
4 20 96 134 288 0 0 0
4 21 97 135 289 0 0 0
4 22 98 136 290 0 0 0
4 23 99 137 291 0 0 0
4 24 100 138 292 0 0 0
4 25 101 139 293 0 0 0
4 26 102 140 294 0 0 0
4 27 103 141 295 0 0 0
4 28 104 142 296 0 0 0
4 29 105 143 297 0 0 0
4 30 106 144 298 0 0 0
4 31 107 145 299 0 0 0
4 32 108 146 300 0 0 0
4 33 109 147 301 0 0 0
4 34 110 148 302 0 0 0
4 35 111 149 303 0 0 0
4 36 112 150 304 0 0 0
4 37 113 151 305 0 0 0
4 38 114 152 306 0 0 0
4 39 115 153 307 0 0 0
4 40 116 154 308 0 0 0
4 41 117 155 265 0 0 0
4 42 118 156 266 0 0 0
4 43 119 157 267 0 0 0
4 44 120 158 268 0 0 0
4 1 121 159 269 0 0 0
4 2 122 160 270 0 0 0
4 3 123 161 271 0 0 0
4 4 124 162 272 0 0 0
4 5 125 163 273 0 0 0
4 6 126 164 274 0 0 0
4 7 127 165 275 0 0 0
4 8 128 166 276 0 0 0
4 9 129 167 277 0 0 0
4 10 130 168 278 0 0 0
4 11 131 169 279 0 0 0
3 65 93 143 0 0 0 0
3 66 94 144 0 0 0 0
3 67 95 145 0 0 0 0
3 68 96 146 0 0 0 0
3 69 97 147 0 0 0 0
3 70 98 148 0 0 0 0
3 71 99 149 0 0 0 0
3 72 100 150 0 0 0 0
3 73 101 151 0 0 0 0
3 74 102 152 0 0 0 0
3 75 103 153 0 0 0 0
3 76 104 154 0 0 0 0
3 77 105 155 0 0 0 0
3 78 106 156 0 0 0 0
3 79 107 157 0 0 0 0
3 80 108 158 0 0 0 0
3 81 109 159 0 0 0 0
3 82 110 160 0 0 0 0
3 83 111 161 0 0 0 0
3 84 112 162 0 0 0 0
3 85 113 163 0 0 0 0
3 86 114 164 0 0 0 0
3 87 115 165 0 0 0 0
3 88 116 166 0 0 0 0
3 45 117 167 0 0 0 0
3 46 118 168 0 0 0 0
3 47 119 169 0 0 0 0
3 48 120 170 0 0 0 0
3 49 121 171 0 0 0 0
3 50 122 172 0 0 0 0
3 51 123 173 0 0 0 0
3 52 124 174 0 0 0 0
3 53 125 175 0 0 0 0
3 54 126 176 0 0 0 0
3 55 127 133 0 0 0 0
3 56 128 134 0 0 0 0
3 57 129 135 0 0 0 0
3 58 130 136 0 0 0 0
3 59 131 137 0 0 0 0
3 60 132 138 0 0 0 0
3 61 89 139 0 0 0 0
3 62 90 140 0 0 0 0
3 63 91 141 0 0 0 0
3 64 92 142 0 0 0 0
3 51 116 174 0 0 0 0
3 52 117 175 0 0 0 0
3 53 118 176 0 0 0 0
3 54 119 133 0 0 0 0
3 55 120 134 0 0 0 0
3 56 121 135 0 0 0 0
3 57 122 136 0 0 0 0
3 58 123 137 0 0 0 0
3 59 124 138 0 0 0 0
3 60 125 139 0 0 0 0
3 61 126 140 0 0 0 0
3 62 127 141 0 0 0 0
3 63 128 142 0 0 0 0
3 64 129 143 0 0 0 0
3 65 130 144 0 0 0 0
3 66 131 145 0 0 0 0
3 67 132 146 0 0 0 0
3 68 89 147 0 0 0 0
3 69 90 148 0 0 0 0
3 70 91 149 0 0 0 0
3 71 92 150 0 0 0 0
3 72 93 151 0 0 0 0
3 73 94 152 0 0 0 0
3 74 95 153 0 0 0 0
3 75 96 154 0 0 0 0
3 76 97 155 0 0 0 0
3 77 98 156 0 0 0 0
3 78 99 157 0 0 0 0
3 79 100 158 0 0 0 0
3 80 101 159 0 0 0 0
3 81 102 160 0 0 0 0
3 82 103 161 0 0 0 0
3 83 104 162 0 0 0 0
3 84 105 163 0 0 0 0
3 85 106 164 0 0 0 0
3 86 107 165 0 0 0 0
3 87 108 166 0 0 0 0
3 88 109 167 0 0 0 0
3 45 110 168 0 0 0 0
3 46 111 169 0 0 0 0
3 47 112 170 0 0 0 0
3 48 113 171 0 0 0 0
3 49 114 172 0 0 0 0
3 50 115 173 0 0 0 0
3 22 83 103 0 0 0 0
3 23 84 104 0 0 0 0
3 24 85 105 0 0 0 0
3 25 86 106 0 0 0 0
3 26 87 107 0 0 0 0
3 27 88 108 0 0 0 0
3 28 45 109 0 0 0 0
3 29 46 110 0 0 0 0
3 30 47 111 0 0 0 0
3 31 48 112 0 0 0 0
3 32 49 113 0 0 0 0
3 33 50 114 0 0 0 0
3 34 51 115 0 0 0 0
3 35 52 116 0 0 0 0
3 36 53 117 0 0 0 0
3 37 54 118 0 0 0 0
3 38 55 119 0 0 0 0
3 39 56 120 0 0 0 0
3 40 57 121 0 0 0 0
3 41 58 122 0 0 0 0
3 42 59 123 0 0 0 0
3 43 60 124 0 0 0 0
3 44 61 125 0 0 0 0
3 1 62 126 0 0 0 0
3 2 63 127 0 0 0 0
3 3 64 128 0 0 0 0
3 4 65 129 0 0 0 0
3 5 66 130 0 0 0 0
3 6 67 131 0 0 0 0
3 7 68 132 0 0 0 0
3 8 69 89 0 0 0 0
3 9 70 90 0 0 0 0
3 10 71 91 0 0 0 0
3 11 72 92 0 0 0 0
3 12 73 93 0 0 0 0
3 13 74 94 0 0 0 0
3 14 75 95 0 0 0 0
3 15 76 96 0 0 0 0
3 16 77 97 0 0 0 0
3 17 78 98 0 0 0 0
3 18 79 99 0 0 0 0
3 19 80 100 0 0 0 0
3 20 81 101 0 0 0 0
3 21 82 102 0 0 0 0
4 15 94 159 287 0 0 0
4 16 95 160 288 0 0 0
4 17 96 161 289 0 0 0
4 18 97 162 290 0 0 0
4 19 98 163 291 0 0 0
4 20 99 164 292 0 0 0
4 21 100 165 293 0 0 0
4 22 101 166 294 0 0 0
4 23 102 167 295 0 0 0
4 24 103 168 296 0 0 0
4 25 104 169 297 0 0 0
4 26 105 170 298 0 0 0
4 27 106 171 299 0 0 0
4 28 107 172 300 0 0 0
4 29 108 173 301 0 0 0
4 30 109 174 302 0 0 0
4 31 110 175 303 0 0 0
4 32 111 176 304 0 0 0
4 33 112 133 305 0 0 0
4 34 113 134 306 0 0 0
4 35 114 135 307 0 0 0
4 36 115 136 308 0 0 0
4 37 116 137 265 0 0 0
4 38 117 138 266 0 0 0
4 39 118 139 267 0 0 0
4 40 119 140 268 0 0 0
4 41 120 141 269 0 0 0
4 42 121 142 270 0 0 0
4 43 122 143 271 0 0 0
4 44 123 144 272 0 0 0
4 1 124 145 273 0 0 0
4 2 125 146 274 0 0 0
4 3 126 147 275 0 0 0
4 4 127 148 276 0 0 0
4 5 128 149 277 0 0 0
4 6 129 150 278 0 0 0
4 7 130 151 279 0 0 0
4 8 131 152 280 0 0 0
4 9 132 153 281 0 0 0
4 10 89 154 282 0 0 0
4 11 90 155 283 0 0 0
4 12 91 156 284 0 0 0
4 13 92 157 285 0 0 0
4 14 93 158 286 0 0 0
4 44 54 151 298 0 0 0
4 1 55 152 299 0 0 0
4 2 56 153 300 0 0 0
4 3 57 154 301 0 0 0
4 4 58 155 302 0 0 0
4 5 59 156 303 0 0 0
4 6 60 157 304 0 0 0
4 7 61 158 305 0 0 0
4 8 62 159 306 0 0 0
4 9 63 160 307 0 0 0
4 10 64 161 308 0 0 0
4 11 65 162 265 0 0 0
4 12 66 163 266 0 0 0
4 13 67 164 267 0 0 0
4 14 68 165 268 0 0 0
4 15 69 166 269 0 0 0
4 16 70 167 270 0 0 0
4 17 71 168 271 0 0 0
4 18 72 169 272 0 0 0
4 19 73 170 273 0 0 0
4 20 74 171 274 0 0 0
4 21 75 172 275 0 0 0
4 22 76 173 276 0 0 0
4 23 77 174 277 0 0 0
4 24 78 175 278 0 0 0
4 25 79 176 279 0 0 0
4 26 80 133 280 0 0 0
4 27 81 134 281 0 0 0
4 28 82 135 282 0 0 0
4 29 83 136 283 0 0 0
4 30 84 137 284 0 0 0
4 31 85 138 285 0 0 0
4 32 86 139 286 0 0 0
4 33 87 140 287 0 0 0
4 34 88 141 288 0 0 0
4 35 45 142 289 0 0 0
4 36 46 143 290 0 0 0
4 37 47 144 291 0 0 0
4 38 48 145 292 0 0 0
4 39 49 146 293 0 0 0
4 40 50 147 294 0 0 0
4 41 51 148 295 0 0 0
4 42 52 149 296 0 0 0
4 43 53 150 297 0 0 0
4 14 56 140 251 0 0 0
4 15 57 141 252 0 0 0
4 16 58 142 253 0 0 0
4 17 59 143 254 0 0 0
4 18 60 144 255 0 0 0
4 19 61 145 256 0 0 0
4 20 62 146 257 0 0 0
4 21 63 147 258 0 0 0
4 22 64 148 259 0 0 0
4 23 65 149 260 0 0 0
4 24 66 150 261 0 0 0
4 25 67 151 262 0 0 0
4 26 68 152 263 0 0 0
4 27 69 153 264 0 0 0
4 28 70 154 221 0 0 0
4 29 71 155 222 0 0 0
4 30 72 156 223 0 0 0
4 31 73 157 224 0 0 0
4 32 74 158 225 0 0 0
4 33 75 159 226 0 0 0
4 34 76 160 227 0 0 0
4 35 77 161 228 0 0 0
4 36 78 162 229 0 0 0
4 37 79 163 230 0 0 0
4 38 80 164 231 0 0 0
4 39 81 165 232 0 0 0
4 40 82 166 233 0 0 0
4 41 83 167 234 0 0 0
4 42 84 168 235 0 0 0
4 43 85 169 236 0 0 0
4 44 86 170 237 0 0 0
4 1 87 171 238 0 0 0
4 2 88 172 239 0 0 0
4 3 45 173 240 0 0 0
4 4 46 174 241 0 0 0
4 5 47 175 242 0 0 0
4 6 48 176 243 0 0 0
4 7 49 133 244 0 0 0
4 8 50 134 245 0 0 0
4 9 51 135 246 0 0 0
4 10 52 136 247 0 0 0
4 11 53 137 248 0 0 0
4 12 54 138 249 0 0 0
4 13 55 139 250 0 0 0
4 20 111 172 269 0 0 0
4 21 112 173 270 0 0 0
4 22 113 174 271 0 0 0
4 23 114 175 272 0 0 0
4 24 115 176 273 0 0 0
4 25 116 133 274 0 0 0
4 26 117 134 275 0 0 0
4 27 118 135 276 0 0 0
4 28 119 136 277 0 0 0
4 29 120 137 278 0 0 0
4 30 121 138 279 0 0 0
4 31 122 139 280 0 0 0
4 32 123 140 281 0 0 0
4 33 124 141 282 0 0 0
4 34 125 142 283 0 0 0
4 35 126 143 284 0 0 0
4 36 127 144 285 0 0 0
4 37 128 145 286 0 0 0
4 38 129 146 287 0 0 0
4 39 130 147 288 0 0 0
4 40 131 148 289 0 0 0
4 41 132 149 290 0 0 0
4 42 89 150 291 0 0 0
4 43 90 151 292 0 0 0
4 44 91 152 293 0 0 0
4 1 92 153 294 0 0 0
4 2 93 154 295 0 0 0
4 3 94 155 296 0 0 0
4 4 95 156 297 0 0 0
4 5 96 157 298 0 0 0
4 6 97 158 299 0 0 0
4 7 98 159 300 0 0 0
4 8 99 160 301 0 0 0
4 9 100 161 302 0 0 0
4 10 101 162 303 0 0 0
4 11 102 163 304 0 0 0
4 12 103 164 305 0 0 0
4 13 104 165 306 0 0 0
4 14 105 166 307 0 0 0
4 15 106 167 308 0 0 0
4 16 107 168 265 0 0 0
4 17 108 169 266 0 0 0
4 18 109 170 267 0 0 0
4 19 110 171 268 0 0 0
3 63 111 168 0 0 0 0
3 64 112 169 0 0 0 0
3 65 113 170 0 0 0 0
3 66 114 171 0 0 0 0
3 67 115 172 0 0 0 0
3 68 116 173 0 0 0 0
3 69 117 174 0 0 0 0
3 70 118 175 0 0 0 0
3 71 119 176 0 0 0 0
3 72 120 133 0 0 0 0
3 73 121 134 0 0 0 0
3 74 122 135 0 0 0 0
3 75 123 136 0 0 0 0
3 76 124 137 0 0 0 0
3 77 125 138 0 0 0 0
3 78 126 139 0 0 0 0
3 79 127 140 0 0 0 0
3 80 128 141 0 0 0 0
3 81 129 142 0 0 0 0
3 82 130 143 0 0 0 0
3 83 131 144 0 0 0 0
3 84 132 145 0 0 0 0
3 85 89 146 0 0 0 0
3 86 90 147 0 0 0 0
3 87 91 148 0 0 0 0
3 88 92 149 0 0 0 0
3 45 93 150 0 0 0 0
3 46 94 151 0 0 0 0
3 47 95 152 0 0 0 0
3 48 96 153 0 0 0 0
3 49 97 154 0 0 0 0
3 50 98 155 0 0 0 0
3 51 99 156 0 0 0 0
3 52 100 157 0 0 0 0
3 53 101 158 0 0 0 0
3 54 102 159 0 0 0 0
3 55 103 160 0 0 0 0
3 56 104 161 0 0 0 0
3 57 105 162 0 0 0 0
3 58 106 163 0 0 0 0
3 59 107 164 0 0 0 0
3 60 108 165 0 0 0 0
3 61 109 166 0 0 0 0
3 62 110 167 0 0 0 0
3 36 67 96 0 0 0 0
3 37 68 97 0 0 0 0
3 38 69 98 0 0 0 0
3 39 70 99 0 0 0 0
3 40 71 100 0 0 0 0
3 41 72 101 0 0 0 0
3 42 73 102 0 0 0 0
3 43 74 103 0 0 0 0
3 44 75 104 0 0 0 0
3 1 76 105 0 0 0 0
3 2 77 106 0 0 0 0
3 3 78 107 0 0 0 0
3 4 79 108 0 0 0 0
3 5 80 109 0 0 0 0
3 6 81 110 0 0 0 0
3 7 82 111 0 0 0 0
3 8 83 112 0 0 0 0
3 9 84 113 0 0 0 0
3 10 85 114 0 0 0 0
3 11 86 115 0 0 0 0
3 12 87 116 0 0 0 0
3 13 88 117 0 0 0 0
3 14 45 118 0 0 0 0
3 15 46 119 0 0 0 0
3 16 47 120 0 0 0 0
3 17 48 121 0 0 0 0
3 18 49 122 0 0 0 0
3 19 50 123 0 0 0 0
3 20 51 124 0 0 0 0
3 21 52 125 0 0 0 0
3 22 53 126 0 0 0 0
3 23 54 127 0 0 0 0
3 24 55 128 0 0 0 0
3 25 56 129 0 0 0 0
3 26 57 130 0 0 0 0
3 27 58 131 0 0 0 0
3 28 59 132 0 0 0 0
3 29 60 89 0 0 0 0
3 30 61 90 0 0 0 0
3 31 62 91 0 0 0 0
3 32 63 92 0 0 0 0
3 33 64 93 0 0 0 0
3 34 65 94 0 0 0 0
3 35 66 95 0 0 0 0
4 6 52 148 234 0 0 0
4 7 53 149 235 0 0 0
4 8 54 150 236 0 0 0
4 9 55 151 237 0 0 0
4 10 56 152 238 0 0 0
4 11 57 153 239 0 0 0
4 12 58 154 240 0 0 0
4 13 59 155 241 0 0 0
4 14 60 156 242 0 0 0
4 15 61 157 243 0 0 0
4 16 62 158 244 0 0 0
4 17 63 159 245 0 0 0
4 18 64 160 246 0 0 0
4 19 65 161 247 0 0 0
4 20 66 162 248 0 0 0
4 21 67 163 249 0 0 0
4 22 68 164 250 0 0 0
4 23 69 165 251 0 0 0
4 24 70 166 252 0 0 0
4 25 71 167 253 0 0 0
4 26 72 168 254 0 0 0
4 27 73 169 255 0 0 0
4 28 74 170 256 0 0 0
4 29 75 171 257 0 0 0
4 30 76 172 258 0 0 0
4 31 77 173 259 0 0 0
4 32 78 174 260 0 0 0
4 33 79 175 261 0 0 0
4 34 80 176 262 0 0 0
4 35 81 133 263 0 0 0
4 36 82 134 264 0 0 0
4 37 83 135 221 0 0 0
4 38 84 136 222 0 0 0
4 39 85 137 223 0 0 0
4 40 86 138 224 0 0 0
4 41 87 139 225 0 0 0
4 42 88 140 226 0 0 0
4 43 45 141 227 0 0 0
4 44 46 142 228 0 0 0
4 1 47 143 229 0 0 0
4 2 48 144 230 0 0 0
4 3 49 145 231 0 0 0
4 4 50 146 232 0 0 0
4 5 51 147 233 0 0 0
4 88 90 138 291 0 0 0
4 45 91 139 292 0 0 0
4 46 92 140 293 0 0 0
4 47 93 141 294 0 0 0
4 48 94 142 295 0 0 0
4 49 95 143 296 0 0 0
4 50 96 144 297 0 0 0
4 51 97 145 298 0 0 0
4 52 98 146 299 0 0 0
4 53 99 147 300 0 0 0
4 54 100 148 301 0 0 0
4 55 101 149 302 0 0 0
4 56 102 150 303 0 0 0
4 57 103 151 304 0 0 0
4 58 104 152 305 0 0 0
4 59 105 153 306 0 0 0
4 60 106 154 307 0 0 0
4 61 107 155 308 0 0 0
4 62 108 156 265 0 0 0
4 63 109 157 266 0 0 0
4 64 110 158 267 0 0 0
4 65 111 159 268 0 0 0
4 66 112 160 269 0 0 0
4 67 113 161 270 0 0 0
4 68 114 162 271 0 0 0
4 69 115 163 272 0 0 0
4 70 116 164 273 0 0 0
4 71 117 165 274 0 0 0
4 72 118 166 275 0 0 0
4 73 119 167 276 0 0 0
4 74 120 168 277 0 0 0
4 75 121 169 278 0 0 0
4 76 122 170 279 0 0 0
4 77 123 171 280 0 0 0
4 78 124 172 281 0 0 0
4 79 125 173 282 0 0 0
4 80 126 174 283 0 0 0
4 81 127 175 284 0 0 0
4 82 128 176 285 0 0 0
4 83 129 133 286 0 0 0
4 84 130 134 287 0 0 0
4 85 131 135 288 0 0 0
4 86 132 136 289 0 0 0
4 87 89 137 290 0 0 0
4 5 102 166 289 0 0 0
4 6 103 167 290 0 0 0
4 7 104 168 291 0 0 0
4 8 105 169 292 0 0 0
4 9 106 170 293 0 0 0
4 10 107 171 294 0 0 0
4 11 108 172 295 0 0 0
4 12 109 173 296 0 0 0
4 13 110 174 297 0 0 0
4 14 111 175 298 0 0 0
4 15 112 176 299 0 0 0
4 16 113 133 300 0 0 0
4 17 114 134 301 0 0 0
4 18 115 135 302 0 0 0
4 19 116 136 303 0 0 0
4 20 117 137 304 0 0 0
4 21 118 138 305 0 0 0
4 22 119 139 306 0 0 0
4 23 120 140 307 0 0 0
4 24 121 141 308 0 0 0
4 25 122 142 265 0 0 0
4 26 123 143 266 0 0 0
4 27 124 144 267 0 0 0
4 28 125 145 268 0 0 0
4 29 126 146 269 0 0 0
4 30 127 147 270 0 0 0
4 31 128 148 271 0 0 0
4 32 129 149 272 0 0 0
4 33 130 150 273 0 0 0
4 34 131 151 274 0 0 0
4 35 132 152 275 0 0 0
4 36 89 153 276 0 0 0
4 37 90 154 277 0 0 0
4 38 91 155 278 0 0 0
4 39 92 156 279 0 0 0
4 40 93 157 280 0 0 0
4 41 94 158 281 0 0 0
4 42 95 159 282 0 0 0
4 43 96 160 283 0 0 0
4 44 97 161 284 0 0 0
4 1 98 162 285 0 0 0
4 2 99 163 286 0 0 0
4 3 100 164 287 0 0 0
4 4 101 165 288 0 0 0
3 10 80 99 0 0 0 0
3 11 81 100 0 0 0 0
3 12 82 101 0 0 0 0
3 13 83 102 0 0 0 0
3 14 84 103 0 0 0 0
3 15 85 104 0 0 0 0
3 16 86 105 0 0 0 0
3 17 87 106 0 0 0 0
3 18 88 107 0 0 0 0
3 19 45 108 0 0 0 0
3 20 46 109 0 0 0 0
3 21 47 110 0 0 0 0
3 22 48 111 0 0 0 0
3 23 49 112 0 0 0 0
3 24 50 113 0 0 0 0
3 25 51 114 0 0 0 0
3 26 52 115 0 0 0 0
3 27 53 116 0 0 0 0
3 28 54 117 0 0 0 0
3 29 55 118 0 0 0 0
3 30 56 119 0 0 0 0
3 31 57 120 0 0 0 0
3 32 58 121 0 0 0 0
3 33 59 122 0 0 0 0
3 34 60 123 0 0 0 0
3 35 61 124 0 0 0 0
3 36 62 125 0 0 0 0
3 37 63 126 0 0 0 0
3 38 64 127 0 0 0 0
3 39 65 128 0 0 0 0
3 40 66 129 0 0 0 0
3 41 67 130 0 0 0 0
3 42 68 131 0 0 0 0
3 43 69 132 0 0 0 0
3 44 70 89 0 0 0 0
3 1 71 90 0 0 0 0
3 2 72 91 0 0 0 0
3 3 73 92 0 0 0 0
3 4 74 93 0 0 0 0
3 5 75 94 0 0 0 0
3 6 76 95 0 0 0 0
3 7 77 96 0 0 0 0
3 8 78 97 0 0 0 0
3 9 79 98 0 0 0 0
4 42 126 144 268 0 0 0
4 43 127 145 269 0 0 0
4 44 128 146 270 0 0 0
4 1 129 147 271 0 0 0
4 2 130 148 272 0 0 0
4 3 131 149 273 0 0 0
4 4 132 150 274 0 0 0
4 5 89 151 275 0 0 0
4 6 90 152 276 0 0 0
4 7 91 153 277 0 0 0
4 8 92 154 278 0 0 0
4 9 93 155 279 0 0 0
4 10 94 156 280 0 0 0
4 11 95 157 281 0 0 0
4 12 96 158 282 0 0 0
4 13 97 159 283 0 0 0
4 14 98 160 284 0 0 0
4 15 99 161 285 0 0 0
4 16 100 162 286 0 0 0
4 17 101 163 287 0 0 0
4 18 102 164 288 0 0 0
4 19 103 165 289 0 0 0
4 20 104 166 290 0 0 0
4 21 105 167 291 0 0 0
4 22 106 168 292 0 0 0
4 23 107 169 293 0 0 0
4 24 108 170 294 0 0 0
4 25 109 171 295 0 0 0
4 26 110 172 296 0 0 0
4 27 111 173 297 0 0 0
4 28 112 174 298 0 0 0
4 29 113 175 299 0 0 0
4 30 114 176 300 0 0 0
4 31 115 133 301 0 0 0
4 32 116 134 302 0 0 0
4 33 117 135 303 0 0 0
4 34 118 136 304 0 0 0
4 35 119 137 305 0 0 0
4 36 120 138 306 0 0 0
4 37 121 139 307 0 0 0
4 38 122 140 308 0 0 0
4 39 123 141 265 0 0 0
4 40 124 142 266 0 0 0
4 41 125 143 267 0 0 0
4 33 51 144 227 0 0 0
4 34 52 145 228 0 0 0
4 35 53 146 229 0 0 0
4 36 54 147 230 0 0 0
4 37 55 148 231 0 0 0
4 38 56 149 232 0 0 0
4 39 57 150 233 0 0 0
4 40 58 151 234 0 0 0
4 41 59 152 235 0 0 0
4 42 60 153 236 0 0 0
4 43 61 154 237 0 0 0
4 44 62 155 238 0 0 0
4 1 63 156 239 0 0 0
4 2 64 157 240 0 0 0
4 3 65 158 241 0 0 0
4 4 66 159 242 0 0 0
4 5 67 160 243 0 0 0
4 6 68 161 244 0 0 0
4 7 69 162 245 0 0 0
4 8 70 163 246 0 0 0
4 9 71 164 247 0 0 0
4 10 72 165 248 0 0 0
4 11 73 166 249 0 0 0
4 12 74 167 250 0 0 0
4 13 75 168 251 0 0 0
4 14 76 169 252 0 0 0
4 15 77 170 253 0 0 0
4 16 78 171 254 0 0 0
4 17 79 172 255 0 0 0
4 18 80 173 256 0 0 0
4 19 81 174 257 0 0 0
4 20 82 175 258 0 0 0
4 21 83 176 259 0 0 0
4 22 84 133 260 0 0 0
4 23 85 134 261 0 0 0
4 24 86 135 262 0 0 0
4 25 87 136 263 0 0 0
4 26 88 137 264 0 0 0
4 27 45 138 221 0 0 0
4 28 46 139 222 0 0 0
4 29 47 140 223 0 0 0
4 30 48 141 224 0 0 0
4 31 49 142 225 0 0 0
4 32 50 143 226 0 0 0
4 44 45 176 246 0 0 0
4 1 46 133 247 0 0 0
4 2 47 134 248 0 0 0
4 3 48 135 249 0 0 0
4 4 49 136 250 0 0 0
4 5 50 137 251 0 0 0
4 6 51 138 252 0 0 0
4 7 52 139 253 0 0 0
4 8 53 140 254 0 0 0
4 9 54 141 255 0 0 0
4 10 55 142 256 0 0 0
4 11 56 143 257 0 0 0
4 12 57 144 258 0 0 0
4 13 58 145 259 0 0 0
4 14 59 146 260 0 0 0
4 15 60 147 261 0 0 0
4 16 61 148 262 0 0 0
4 17 62 149 263 0 0 0
4 18 63 150 264 0 0 0
4 19 64 151 221 0 0 0
4 20 65 152 222 0 0 0
4 21 66 153 223 0 0 0
4 22 67 154 224 0 0 0
4 23 68 155 225 0 0 0
4 24 69 156 226 0 0 0
4 25 70 157 227 0 0 0
4 26 71 158 228 0 0 0
4 27 72 159 229 0 0 0
4 28 73 160 230 0 0 0
4 29 74 161 231 0 0 0
4 30 75 162 232 0 0 0
4 31 76 163 233 0 0 0
4 32 77 164 234 0 0 0
4 33 78 165 235 0 0 0
4 34 79 166 236 0 0 0
4 35 80 167 237 0 0 0
4 36 81 168 238 0 0 0
4 37 82 169 239 0 0 0
4 38 83 170 240 0 0 0
4 39 84 171 241 0 0 0
4 40 85 172 242 0 0 0
4 41 86 173 243 0 0 0
4 42 87 174 244 0 0 0
4 43 88 175 245 0 0 0
2 1 45 0 0 0 0 0
2 2 46 0 0 0 0 0
2 3 47 0 0 0 0 0
2 4 48 0 0 0 0 0
2 5 49 0 0 0 0 0
2 6 50 0 0 0 0 0
2 7 51 0 0 0 0 0
2 8 52 0 0 0 0 0
2 9 53 0 0 0 0 0
2 10 54 0 0 0 0 0
2 11 55 0 0 0 0 0
2 12 56 0 0 0 0 0
2 13 57 0 0 0 0 0
2 14 58 0 0 0 0 0
2 15 59 0 0 0 0 0
2 16 60 0 0 0 0 0
2 17 61 0 0 0 0 0
2 18 62 0 0 0 0 0
2 19 63 0 0 0 0 0
2 20 64 0 0 0 0 0
2 21 65 0 0 0 0 0
2 22 66 0 0 0 0 0
2 23 67 0 0 0 0 0
2 24 68 0 0 0 0 0
2 25 69 0 0 0 0 0
2 26 70 0 0 0 0 0
2 27 71 0 0 0 0 0
2 28 72 0 0 0 0 0
2 29 73 0 0 0 0 0
2 30 74 0 0 0 0 0
2 31 75 0 0 0 0 0
2 32 76 0 0 0 0 0
2 33 77 0 0 0 0 0
2 34 78 0 0 0 0 0
2 35 79 0 0 0 0 0
2 36 80 0 0 0 0 0
2 37 81 0 0 0 0 0
2 38 82 0 0 0 0 0
2 39 83 0 0 0 0 0
2 40 84 0 0 0 0 0
2 41 85 0 0 0 0 0
2 42 86 0 0 0 0 0
2 43 87 0 0 0 0 0
2 44 88 0 0 0 0 0
2 45 89 0 0 0 0 0
2 46 90 0 0 0 0 0
2 47 91 0 0 0 0 0
2 48 92 0 0 0 0 0
2 49 93 0 0 0 0 0
2 50 94 0 0 0 0 0
2 51 95 0 0 0 0 0
2 52 96 0 0 0 0 0
2 53 97 0 0 0 0 0
2 54 98 0 0 0 0 0
2 55 99 0 0 0 0 0
2 56 100 0 0 0 0 0
2 57 101 0 0 0 0 0
2 58 102 0 0 0 0 0
2 59 103 0 0 0 0 0
2 60 104 0 0 0 0 0
2 61 105 0 0 0 0 0
2 62 106 0 0 0 0 0
2 63 107 0 0 0 0 0
2 64 108 0 0 0 0 0
2 65 109 0 0 0 0 0
2 66 110 0 0 0 0 0
2 67 111 0 0 0 0 0
2 68 112 0 0 0 0 0
2 69 113 0 0 0 0 0
2 70 114 0 0 0 0 0
2 71 115 0 0 0 0 0
2 72 116 0 0 0 0 0
2 73 117 0 0 0 0 0
2 74 118 0 0 0 0 0
2 75 119 0 0 0 0 0
2 76 120 0 0 0 0 0
2 77 121 0 0 0 0 0
2 78 122 0 0 0 0 0
2 79 123 0 0 0 0 0
2 80 124 0 0 0 0 0
2 81 125 0 0 0 0 0
2 82 126 0 0 0 0 0
2 83 127 0 0 0 0 0
2 84 128 0 0 0 0 0
2 85 129 0 0 0 0 0
2 86 130 0 0 0 0 0
2 87 131 0 0 0 0 0
2 88 132 0 0 0 0 0
2 89 133 0 0 0 0 0
2 90 134 0 0 0 0 0
2 91 135 0 0 0 0 0
2 92 136 0 0 0 0 0
2 93 137 0 0 0 0 0
2 94 138 0 0 0 0 0
2 95 139 0 0 0 0 0
2 96 140 0 0 0 0 0
2 97 141 0 0 0 0 0
2 98 142 0 0 0 0 0
2 99 143 0 0 0 0 0
2 100 144 0 0 0 0 0
2 101 145 0 0 0 0 0
2 102 146 0 0 0 0 0
2 103 147 0 0 0 0 0
2 104 148 0 0 0 0 0
2 105 149 0 0 0 0 0
2 106 150 0 0 0 0 0
2 107 151 0 0 0 0 0
2 108 152 0 0 0 0 0
2 109 153 0 0 0 0 0
2 110 154 0 0 0 0 0
2 111 155 0 0 0 0 0
2 112 156 0 0 0 0 0
2 113 157 0 0 0 0 0
2 114 158 0 0 0 0 0
2 115 159 0 0 0 0 0
2 116 160 0 0 0 0 0
2 117 161 0 0 0 0 0
2 118 162 0 0 0 0 0
2 119 163 0 0 0 0 0
2 120 164 0 0 0 0 0
2 121 165 0 0 0 0 0
2 122 166 0 0 0 0 0
2 123 167 0 0 0 0 0
2 124 168 0 0 0 0 0
2 125 169 0 0 0 0 0
2 126 170 0 0 0 0 0
2 127 171 0 0 0 0 0
2 128 172 0 0 0 0 0
2 129 173 0 0 0 0 0
2 130 174 0 0 0 0 0
2 131 175 0 0 0 0 0
2 132 176 0 0 0 0 0
1 177 0 0 0 0 0 0
1 178 0 0 0 0 0 0
1 179 0 0 0 0 0 0
1 180 0 0 0 0 0 0
1 181 0 0 0 0 0 0
1 182 0 0 0 0 0 0
1 183 0 0 0 0 0 0
1 184 0 0 0 0 0 0
1 185 0 0 0 0 0 0
1 186 0 0 0 0 0 0
1 187 0 0 0 0 0 0
1 188 0 0 0 0 0 0
1 189 0 0 0 0 0 0
1 190 0 0 0 0 0 0
1 191 0 0 0 0 0 0
1 192 0 0 0 0 0 0
1 193 0 0 0 0 0 0
1 194 0 0 0 0 0 0
1 195 0 0 0 0 0 0
1 196 0 0 0 0 0 0
1 197 0 0 0 0 0 0
1 198 0 0 0 0 0 0
1 199 0 0 0 0 0 0
1 200 0 0 0 0 0 0
1 201 0 0 0 0 0 0
1 202 0 0 0 0 0 0
1 203 0 0 0 0 0 0
1 204 0 0 0 0 0 0
1 205 0 0 0 0 0 0
1 206 0 0 0 0 0 0
1 207 0 0 0 0 0 0
1 208 0 0 0 0 0 0
1 209 0 0 0 0 0 0
1 210 0 0 0 0 0 0
1 211 0 0 0 0 0 0
1 212 0 0 0 0 0 0
1 213 0 0 0 0 0 0
1 214 0 0 0 0 0 0
1 215 0 0 0 0 0 0
1 216 0 0 0 0 0 0
1 217 0 0 0 0 0 0
1 218 0 0 0 0 0 0
1 219 0 0 0 0 0 0
1 220 0 0 0 0 0 0
1 221 0 0 0 0 0 0
1 222 0 0 0 0 0 0
1 223 0 0 0 0 0 0
1 224 0 0 0 0 0 0
1 225 0 0 0 0 0 0
1 226 0 0 0 0 0 0
1 227 0 0 0 0 0 0
1 228 0 0 0 0 0 0
1 229 0 0 0 0 0 0
1 230 0 0 0 0 0 0
1 231 0 0 0 0 0 0
1 232 0 0 0 0 0 0
1 233 0 0 0 0 0 0
1 234 0 0 0 0 0 0
1 235 0 0 0 0 0 0
1 236 0 0 0 0 0 0
1 237 0 0 0 0 0 0
1 238 0 0 0 0 0 0
1 239 0 0 0 0 0 0
1 240 0 0 0 0 0 0
1 241 0 0 0 0 0 0
1 242 0 0 0 0 0 0
1 243 0 0 0 0 0 0
1 244 0 0 0 0 0 0
1 245 0 0 0 0 0 0
1 246 0 0 0 0 0 0
1 247 0 0 0 0 0 0
1 248 0 0 0 0 0 0
1 249 0 0 0 0 0 0
1 250 0 0 0 0 0 0
1 251 0 0 0 0 0 0
1 252 0 0 0 0 0 0
1 253 0 0 0 0 0 0
1 254 0 0 0 0 0 0
1 255 0 0 0 0 0 0
1 256 0 0 0 0 0 0
1 257 0 0 0 0 0 0
1 258 0 0 0 0 0 0
1 259 0 0 0 0 0 0
1 260 0 0 0 0 0 0
1 261 0 0 0 0 0 0
1 262 0 0 0 0 0 0
1 263 0 0 0 0 0 0
1 264 0 0 0 0 0 0
1 265 0 0 0 0 0 0
1 266 0 0 0 0 0 0
1 267 0 0 0 0 0 0
1 268 0 0 0 0 0 0
1 269 0 0 0 0 0 0
1 270 0 0 0 0 0 0
1 271 0 0 0 0 0 0
1 272 0 0 0 0 0 0
1 273 0 0 0 0 0 0
1 274 0 0 0 0 0 0
1 275 0 0 0 0 0 0
1 276 0 0 0 0 0 0
1 277 0 0 0 0 0 0
1 278 0 0 0 0 0 0
1 279 0 0 0 0 0 0
1 280 0 0 0 0 0 0
1 281 0 0 0 0 0 0
1 282 0 0 0 0 0 0
1 283 0 0 0 0 0 0
1 284 0 0 0 0 0 0
1 285 0 0 0 0 0 0
1 286 0 0 0 0 0 0
1 287 0 0 0 0 0 0
1 288 0 0 0 0 0 0
1 289 0 0 0 0 0 0
1 290 0 0 0 0 0 0
1 291 0 0 0 0 0 0
1 292 0 0 0 0 0 0
1 293 0 0 0 0 0 0
1 294 0 0 0 0 0 0
1 295 0 0 0 0 0 0
1 296 0 0 0 0 0 0
1 297 0 0 0 0 0 0
1 298 0 0 0 0 0 0
1 299 0 0 0 0 0 0
1 300 0 0 0 0 0 0
1 301 0 0 0 0 0 0
1 302 0 0 0 0 0 0
1 303 0 0 0 0 0 0
1 304 0 0 0 0 0 0
1 305 0 0 0 0 0 0
1 306 0 0 0 0 0 0
1 307 0 0 0 0 0 0
1 308 0 0 0 0 0 0

%%%%%%%%%%%%%%%%%%%%%%%%%%%%%%%%%%%%%%%%%%%%%%%%%%%
GDBF-w/MA decoder
%%%%%%%%%%%%%%%%%%%%%%%%%%%%%%%%%%%%%%%%%%%%%%%%%%%
% number of iterations: 300
%iterations after momenum is changed:  50	100	150	200	250  

alpha_i coefficients:                      
weight-1								4.14285714285714	2.60000000000000	3.33333333333333	4.28571428571429	4.42857142857143	4.57142857142857
weight-2 								3.42857142857143	2.40000000000000	2.66666666666667	4.42857142857143	4.57142857142857	3.85714285714286
weight-3                                3	                1.40000000000000	3.22222222222222	3.42857142857143	4	                4.42857142857143
weight-4 								2.42857142857143	1	                2.22222222222222	3.42857142857143	3.14285714285714	1.57142857142857
weight-5 								2.28571428571429	0.80000000000000	3.11111111111111	3.85714285714286	2.85714285714286	1.71428571428571
weight-7                                2.42857142857143	1.20000000000000	1.11111111111111	1.42857142857143	4.42857142857143	4.28571428571429

beta_i coefficients:                      
weight-1								4.14285714285714	2.60000000000000	3.33333333333333	4.28571428571429	4.42857142857143	4.57142857142857
weight-2								3.42857142857143	2.40000000000000	2.66666666666667	4.42857142857143	4.57142857142857	3.85714285714286						
weight-4 								2.42857142857143	1	                2.22222222222222	3.42857142857143	3.14285714285714	1.57142857142857
weight-5 								2.28571428571429	0.80000000000000	3.11111111111111	3.85714285714286	2.85714285714286	1.71428571428571
weight-7                                2.42857142857143	1.20000000000000	1.11111111111111	1.42857142857143	4.42857142857143	4.28571428571429

adjacent decoder conectivity r_i
(1 -> decoders are unconnceted)
(0 -> decoders are connected):         1 1 1 1 
momenum vectors:   
										5	2	2	1
										5	2	2	0
										8	3	2	1
										11	3	3	2
										8	6	4	4
										8	7	7	3
%%%%%%%%%%%%%%%%%%%%%%%%%%%%%%%%%%%%%%%%%%%%%%%%%%%
% number of iterations: 500
%iterations after momenum is changed:  50	100	150	200	250	300	350	400	450  

alpha_i coefficients:                      
weight-1								4.14285714285714	2.60000000000000	3.33333333333333	4.28571428571429	4.42857142857143	4.57142857142857    4.42857142857143	6	                3.85714285714286	3.20000000000000
weight-2 								3.42857142857143	2.40000000000000	2.66666666666667	4.42857142857143	4.57142857142857	3.85714285714286    4.14285714285714	4	                2.28571428571429	3.20000000000000
weight-3                                3	                1.40000000000000	3.22222222222222	3.42857142857143	4	                4.42857142857143    4	                3.80000000000000	3.28571428571429	2.20000000000000
weight-4 								2.42857142857143	1	                2.22222222222222	3.42857142857143	3.14285714285714	1.57142857142857    2.57142857142857	2.60000000000000	2.85714285714286	1.80000000000000
weight-5 								2.28571428571429	0.80000000000000	3.11111111111111	3.85714285714286	2.85714285714286	1.71428571428571    4.57142857142857	3.60000000000000	2.57142857142857	0.60000000000000
weight-7                                2.42857142857143	1.20000000000000	1.11111111111111	1.42857142857143	4.42857142857143	4.28571428571429    2.57142857142857	1.60000000000000	2	                0.60000000000000

beta_i coefficients:                      
weight-1								4.14285714285714	2.60000000000000	3.33333333333333	4.28571428571429	4.42857142857143	4.57142857142857    4.42857142857143	6	                3.85714285714286	6.40000000000000
weight-2								3.42857142857143	2.40000000000000	2.66666666666667	4.42857142857143	4.57142857142857	3.85714285714286	4.14285714285714	4	                2.28571428571429	6.40000000000000					
weight-3                                3	                1.40000000000000	3.22222222222222	3.42857142857143	4	                4.42857142857143    4	                3.80000000000000	3.28571428571429	4.40000000000000
weight-4 								2.42857142857143	1	                2.22222222222222	3.42857142857143	3.14285714285714	1.57142857142857    2.57142857142857	2.60000000000000	2.85714285714286	3.60000000000000
weight-5 								2.28571428571429	0.80000000000000	3.11111111111111	3.85714285714286	2.85714285714286	1.71428571428571    4.57142857142857	3.60000000000000	2.57142857142857	1.20000000000000
weight-7                                2.42857142857143	1.20000000000000	1.11111111111111	1.42857142857143	4.42857142857143	4.28571428571429    2.57142857142857	1.60000000000000	2	                1.20000000000000

adjacent decoder conectivity r_i
(1 -> decoders are unconnceted)
(0 -> decoders are connected):         1 1 1 1 1 1 1 1 1
momenum vectors:   										
									5	2	2	1
									5	2	2	0
									8	3	2	1
									11	3	3	2
									8	6	4	4
									8	7	7	3
									11	3	3	3
									8	4	0	0
									7	7	2	0
									11	9	4	3										
										
%%%%%%%%%%%%%%%%%%%%%%%%%%%%%%%%%%%%%%%%%%%%%%%%%%%
% number of iterations: 750
%iterations after momenum is changed:  50	100	150	200	250	300	350	400	450 500 550 600 650 700  

alpha_i coefficients:                      
weight-1								4.14285714285714	2.60000000000000	3.33333333333333	4.28571428571429	4.42857142857143	4.57142857142857	4.42857142857143	6	                3.85714285714286	3.20000000000000	4.42857142857143	4.57142857142857	4	                4.42857142857143	3.71428571428571
weight-2 								3.42857142857143	2.40000000000000	2.66666666666667	4.42857142857143	4.57142857142857	3.85714285714286    4.14285714285714	4	                2.28571428571429	3.20000000000000    4.28571428571429	4.42857142857143	4	                3.57142857142857	2.71428571428571
weight-3                                3	                1.40000000000000	3.22222222222222	3.42857142857143	4	                4.42857142857143    4	                3.80000000000000	3.28571428571429	2.20000000000000    3.14285714285714	3.42857142857143	4	                4.42857142857143	1.57142857142857
weight-4 								2.42857142857143	1	                2.22222222222222	3.42857142857143	3.14285714285714	1.57142857142857    2.57142857142857	2.60000000000000	2.85714285714286	1.80000000000000    1.57142857142857	3.57142857142857	2.28571428571429	3.85714285714286	1.14285714285714
weight-5 								2.28571428571429	0.80000000000000	3.11111111111111	3.85714285714286	2.85714285714286	1.71428571428571    4.57142857142857	3.60000000000000	2.57142857142857	0.60000000000000    2	                2.42857142857143	2.14285714285714	3.28571428571429	1.14285714285714
weight-7                                2.42857142857143	1.20000000000000	1.11111111111111	1.42857142857143	4.42857142857143	4.28571428571429    2.57142857142857	1.60000000000000	2	                0.60000000000000    3.14285714285714	1.42857142857143	2.57142857142857	2.14285714285714	1.28571428571429

beta_i coefficients:                      
weight-1								4.14285714285714	2.60000000000000	3.33333333333333	4.28571428571429	4.42857142857143	4.57142857142857    4.42857142857143	6	                3.85714285714286	6.40000000000000   4.28571428571429	4.42857142857143	   4	                3.57142857142857	2.71428571428571
weight-2								3.42857142857143	2.40000000000000	2.66666666666667	4.42857142857143	4.57142857142857	3.85714285714286	4.14285714285714	4	                2.28571428571429	6.40000000000000   4.28571428571429	4.42857142857143   	   4	                3.57142857142857	2.71428571428571				
weight-3                                3	                1.40000000000000	3.22222222222222	3.42857142857143	4	                4.42857142857143    4	                3.80000000000000	3.28571428571429	4.40000000000000   3.14285714285714	3.42857142857143	   4	                4.42857142857143	1.57142857142857
weight-4 								2.42857142857143	1	                2.22222222222222	3.42857142857143	3.14285714285714	1.57142857142857    2.57142857142857	2.60000000000000	2.85714285714286	3.60000000000000   1.57142857142857	3.57142857142857	   2.28571428571429	    3.85714285714286	1.14285714285714
weight-5 								2.28571428571429	0.80000000000000	3.11111111111111	3.85714285714286	2.85714285714286	1.71428571428571    4.57142857142857	3.60000000000000	2.57142857142857	1.20000000000000   2	            2.42857142857143	   2.14285714285714	    3.28571428571429	1.14285714285714
weight-7                                2.42857142857143	1.20000000000000	1.11111111111111	1.42857142857143	4.42857142857143	4.28571428571429    2.57142857142857	1.60000000000000	2	                1.20000000000000   3.14285714285714	1.42857142857143	   2.57142857142857	    2.14285714285714	1.28571428571429

adjacent decoder conectivity 
(1 -> decoders are unconnceted)
(0 -> decoders are connected):         1 1 1 1 1 1 1 1 1 1 1 1 1 1 
momenum vectors:   										
									5	2	2	1
									5	2	2	0
									8	3	2	1
									11	3	3	2
									8	6	4	4
									8	7	7	3
									11	3	3	3
									8	4	0	0
									7	7	2	0
									11	9	4	3
									10	2	2	2
									5	3	3	3
									4	3	3	0
									5	5	3	1
									8	6	1	1										
										
																				