%code lenght N=155
%code rate R=0.4

%%%%%%%%%%%%%%%%%%%%%%%%%%%%%%%%%
%Parity check matrix (connections of varible nodes)
%%%%%%%%%%%%%%%%%%%%%%%%%%%%%%%%
%first number in each line represents the number of connections
% remaining numbers are indeces of rows connected to specific variable (numbering starts from 1)

3 1 36 87
3 2 37 88
3 3 38 89
3 4 39 90
3 5 40 91
3 6 41 92
3 7 42 93
3 8 43 63
3 9 44 64
3 10 45 65
3 11 46 66
3 12 47 67
3 13 48 68
3 14 49 69
3 15 50 70
3 16 51 71
3 17 52 72
3 18 53 73
3 19 54 74
3 20 55 75
3 21 56 76
3 22 57 77
3 23 58 78
3 24 59 79
3 25 60 80
3 26 61 81
3 27 62 82
3 28 32 83
3 29 33 84
3 30 34 85
3 31 35 86
3 2 41 81
3 3 42 82
3 4 43 83
3 5 44 84
3 6 45 85
3 7 46 86
3 8 47 87
3 9 48 88
3 10 49 89
3 11 50 90
3 12 51 91
3 13 52 92
3 14 53 93
3 15 54 63
3 16 55 64
3 17 56 65
3 18 57 66
3 19 58 67
3 20 59 68
3 21 60 69
3 22 61 70
3 23 62 71
3 24 32 72
3 25 33 73
3 26 34 74
3 27 35 75
3 28 36 76
3 29 37 77
3 30 38 78
3 31 39 79
3 1 40 80
3 4 51 69
3 5 52 70
3 6 53 71
3 7 54 72
3 8 55 73
3 9 56 74
3 10 57 75
3 11 58 76
3 12 59 77
3 13 60 78
3 14 61 79
3 15 62 80
3 16 32 81
3 17 33 82
3 18 34 83
3 19 35 84
3 20 36 85
3 21 37 86
3 22 38 87
3 23 39 88
3 24 40 89
3 25 41 90
3 26 42 91
3 27 43 92
3 28 44 93
3 29 45 63
3 30 46 64
3 31 47 65
3 1 48 66
3 2 49 67
3 3 50 68
3 8 40 76
3 9 41 77
3 10 42 78
3 11 43 79
3 12 44 80
3 13 45 81
3 14 46 82
3 15 47 83
3 16 48 84
3 17 49 85
3 18 50 86
3 19 51 87
3 20 52 88
3 21 53 89
3 22 54 90
3 23 55 91
3 24 56 92
3 25 57 93
3 26 58 63
3 27 59 64
3 28 60 65
3 29 61 66
3 30 62 67
3 31 32 68
3 1 33 69
3 2 34 70
3 3 35 71
3 4 36 72
3 5 37 73
3 6 38 74
3 7 39 75
3 16 49 90
3 17 50 91
3 18 51 92
3 19 52 93
3 20 53 63
3 21 54 64
3 22 55 65
3 23 56 66
3 24 57 67
3 25 58 68
3 26 59 69
3 27 60 70
3 28 61 71
3 29 62 72
3 30 32 73
3 31 33 74
3 1 34 75
3 2 35 76
3 3 36 77
3 4 37 78
3 5 38 79
3 6 39 80
3 7 40 81
3 8 41 82
3 9 42 83
3 10 43 84
3 11 44 85
3 12 45 86
3 13 46 87
3 14 47 88
3 15 48 89

%%%%%%%%%%%%%%%%%%%%%%%%%%%%%%%%%%%%%%%%%%%%%%%%%%%
GDBF w/AM decoder
%%%%%%%%%%%%%%%%%%%%%%%%%%%%%%%%%%%%%%%%%%%%%%%%%%%
% number of iterations: 300
%iterations after momenum is changed:  30  60  90  120  150  180  210  240  270  
alpha_i coefficients:                      3  1  4  3  1  3  4  3  1  4
beta_i coefficients:                       3  4  4  4  4  3  3  3  3  4 
adjecent decoder conectivity r_i
(0 -> decoders are unconnceted)
(1 -> decoders are connected):         0 1 1 0 0 1 0 0 1 1
momenum vectors:                        5	2	0	0
								    	5	4	3	2
										5	2	2	2
										5	3	2	0
										5	2	0	0
										5	5	3	0
										4	3	2	1
										5	3	3	2
										4	1	0	0
										4	4	3	1
%%%%%%%%%%%%%%%%%%%%%%%%%%%%%%%%%%%%%%%%%%%%%%%%%%%
% number of iterations: 1000
%iterations after momenum is changed:  30 60	90	120	150	180	210	240	270	300	330	360	390	420	450	480	510	540	570	600	630	660	690	720	750	780	810	840	870	900	930	960	990	1000 
alpha_i coefficients:                      3  3  4  4  1  3  1  4  3  2  3  3  2  3  1  1  3  1  3  2  3  3  2  3  3  4  2  2  2  2  4  4  2
beta_i  coefficients:                      3  3  3  3  2  4  2  4  3  2  3  4  4  1  3  1  4  3  1  1  4  3  1  4  4  4  3  4  3  3  4  1  2 
adjecent decoder conectivity r_i
(1 -> decoders are unconnceted)
(0 -> decoders are connected):         0  1  0  0  1  0  0  1  0  1  1  0  1  0  0  1  0  0
momenum vectors:                        4	2	2	2                   
										5	4	2	2
										5	5	3	3
										5	5	5	1
										3	2	1	1
										5	1	0	0
										4	4	0	0
										4	3	1	1
										4	2	1	0
										4	4	1	1
										5	5	4	1
										5	5	3	0
										4	4	0	0
										4	3	2	1
										4	4	2	0
										0	0	0	0
										5	1	1	0
										2	2	2	0
										5	3	0	0
										5	4	4	0
										5	4	1	1
										5	4	4	1
										4	3	3	3
										5	5	4	1
										4	4	3	1
										4	4	3	3
										5	0	0	0
										3	2	2	2
										3	3	3	3
										2	1	1	1
										4	3	3	2
										3	1	1	0
										3	1	0	0
%%%%%%%%%%%%%%%%%%%%%%%%%%%%%%%%%%%%%%%%%%%%%%%%%%%%%%%%%%%%%%%%%%%%%%%%%
% number of iterations: 10000
%iterations after momenum is changed:  30	60	90	120	150	180	210	240	270	300	330	360	390	420	450	480	510	540	570	600	630	660	690	720	750	780	810	840	870	900	930	960	990	1000	1030	1060	1090	1120	1150	1180	1210	1240	1270	1300	1330	1360	1390	1420	1450	1480	1510	1540	1570	1600	1630	1660	1690	1720	1750	1780	1810	1840	1870	1900	1930	1960	1990	2020	2050	2080	2110	2140	2170	2200	2230	2260	2290	2320	2350	2380	2410	2440	2470	2500	2530	2560	2590	2620	2650	2680	2710	2740	2770	2800	2830	2860	2890	2920	2950	2980	3010	3040	3070	3100	3130	3160	3190	3220	3250	3280	3310	3340	3370	3400	3430	3460	3490	3520	3550	3580	3610	3640	3670	3700	3730	3760	3790	3820	3850	3880	3910	3940	3970	4000	4030	4060	4090	4120	4150	4180	4210	4240	4270	4300	4330	4360	4390	4420	4450	4480	4510	4540	4570	4600	4630	4660	4690	4720	4750	4780	4810	4840	4870	4900	4930	4960	4990	5020	5050	5080	5110	5140	5170	5200	5230	5260	5290	5320	5350	5380	5410	5440	5470	5500	5530	5560	5590	5620	5650	5680	5710	5740	5770	5800	5830	5860	5890	5920	5950	5980	6010	6040	6070	6100	6130	6160	6190	6220	6250	6280	6310	6340	6370	6400	6430	6460	6490	6520	6550	6580	6610	6640	6670	6700	6730	6760	6790	6820	6850	6880	6910	6940	6970	7000	7030	7060	7090	7120	7150	7180	7210	7240	7270	7300	7330	7360	7390	7420	7450	7480	7510	7540	7570	7600	7630	7660	7690	7720	7750	7780	7810	7840	7870	7900	7930	7960	7990	8020	8050	8080	8110	8140	8170	8200	8230	8260	8290	8320	8350	8380	8410	8440	8470	8500	8530	8560	8590	8620	8650	8680	8710	8740	8770	8800	8830	8860	8890	8920	8950	8980	9010	9040	9070	9100	9130	9160	9190	9220	9250	9280	9310	9340	9370	9400	9430	9460	9490	9520	9550	9580	9610	9640	9670	9700	9730	9760	9790	9820	9850	9880	9910	9940	9970	10000 
alpha_i coefficients:                      3	3	4	4	1	3	1	4	3	2	3	3	2	3	1	1	3	1	3	2	3	3	2	3	3	4	2	2	2	2	4	4	2	2	4	1	2	2	4	2	3	2	3	1	2	3	1	3	4	2	2	1	3	3	2	3	3	2	4	2	4	4	4	1	3	1	2	2	4	3	2	3	4	4	4	2	1	4	4	3	4	1	1	1	3	3	1	2	1	3	1	4	1	2	3	3	1	1	2	2	2	2	2	2	2	4	3	2	2	3	4	1	4	1	2	2	3	3	1	3	3	2	2	4	2	4	2	4	4	4	2	2	3	3	2	4	2	2	1	4	3	4	1	3	3	1	3	4	4	2	3	2	4	1	1	1	4	2	1	3	2	2	4	3	3	3	2	1	3	1	1	3	1	4	4	3	2	3	4	3	1	1	4	2	4	1	2	3	4	4	3	3	3	1	2	2	2	2	2	4	3	3	4	4	3	2	1	4	4	4	4	4	4	2	3	3	3	2	1	4	4	4	2	4	2	1	3	1	4	2	1	3	4	4	2	3	4	3	2	1	1	3	2	4	3	1	4	4	1	4	2	4	3	1	1	4	1	1	3	3	4	4	4	2	4	1	2	3	4	4	4	3	2	1	1	1	1	1	4	2	3	1	3	3	1	3	1	3	2	1	2	2	3	2	2	2	4	2	1	3	4	4	3	2	1	2	2	2	3	2	1	4	4	4	3	1	2	4	2	3	2	4	1	4	2	2	4	3	3	2	4	3	3	1
beta_i  coefficients:                      3    3	3	3	2	4	2	4	3	2	3	4	4	1	3	1	4	3	1	1	4	3	1	4	4	4	3	4	3	3	4	1	2	2	1	3	3	3	4	3	2	4	2	3	4	1	3	1	3	3	3	3	3	1	4	2	4	3	1	3	2	2	2	4	4	3	3	3	4	3	3	4	4	1	4	3	2	4	4	3	3	3	3	4	1	3	2	2	4	3	3	1	4	2	3	2	1	4	4	2	2	1	1	3	3	2	4	3	3	1	4	3	3	2	3	4	2	4	4	4	2	4	2	4	2	4	3	2	1	1	2	3	3	2	3	3	4	1	4	3	1	2	1	2	4	1	4	1	3	2	1	3	2	4	2	2	1	3	2	2	3	2	2	4	2	4	3	4	2	4	1	3	3	3	1	1	1	1	4	1	4	2	2	2	4	2	1	2	2	4	1	1	3	4	4	4	2	1	1	2	3	3	3	2	3	2	1	4	4	2	2	4	4	4	4	4	3	4	3	1	4	3	1	1	2	3	1	3	1	1	2	3	3	2	2	1	2	4	2	2	4	1	4	4	1	3	2	3	4	1	3	4	1	3	4	2	1	2	3	1	1	2	3	4	2	1	3	1	1	2	2	3	3	2	4	4	3	4	2	2	3	3	1	4	4	3	3	4	2	4	3	1	3	4	2	3	3	4	4	4	2	4	4	4	1	1	1	2	1	1	2	4	3	3	2	2	1	3	4	2	2	1	2	3	1	1	1	1	1	3	1	4	2	3 
adjecent decoder conectivity r_i 
(1 -> decoders are unconnceted)
(0 -> decoders are connected):         0	1	0	0	1	0	0	1	0	1	1	0	1	0	0	1	0	0	1	1	1	1	1	0	1	0	0	0	0	0	1	0	1	1	1	0	1	0	1	0	0	0	0	1	1	0	0	0	0	0	0	0	0	0	1	1	0	0	0	1	0	0	1	0	0	1	1	1	1	0	1	1	0	1	0	1	1	1	0	0	1	0	0	1	0	1	1	1	1	0	0	0	1	1	1	1	1	1	1	1	0	1	1	1	1	0	1	1	1	1	0	1	0	0	1	1	1	1	0	1	1	0	1	1	0	0	0	1	0	0	0	0	0	1	1	1	1	0	1	0	0	0	0	1	1	0	1	1	0	0	1	0	1	0	0	1	0	1	0	1	1	1	1	0	0	1	1	1	1	1	1	0	0	1	0	0	0	0	0	1	0	0	1	0	0	1	0	0	0	1	1	0	0	0	1	1	0	0	0	0	1	0	0	0	0	1	0	1	1	1	0	1	1	1	0	1	0	1	1	1	0	0	1	0	1	0	0	0	1	1	0	1	0	1	1	0	0	0	0	0	0	1	0	1	1	1	1	1	0	0	1	1	1	0	0	1	0	0	1	1	1	0	0	0	1	0	0	1	0	1	1	1	1	1	0	0	0	0	1	1	1	1	0	1	0	0	0	1	0	0	1	0	0	1	0	1	1	0	0	0	0	0	0	0	1	0	0	1	1	1	1	1	1	0	1	0	1	0	0	1	0	1	1	0	1	0	1	0	1	1	1	0	1	1
momenum vectors:   
										4	2	2	2
										5	4	2	2
										5	5	3	3
										5	5	5	1
										3	2	1	1
										5	1	0	0
										4	4	0	0
										4	3	1	1
										4	2	1	0
										4	4	1	1
										5	5	4	1
										5	5	3	0
										4	4	0	0
										4	3	2	1
										4	4	2	0
										0	0	0	0
										5	1	1	0
										2	2	2	0
										5	3	0	0
										5	4	4	0
										5	4	1	1
										5	4	4	1
										4	3	3	3
										5	5	4	1
										4	4	3	1
										4	4	3	3
										5	0	0	0
										3	2	2	2
										3	3	3	3
										2	1	1	1
										4	3	3	2
										3	1	1	0
										3	1	0	0
										4	3	2	0
										3	3	3	1
										5	5	4	0
										5	5	4	4
										5	4	4	0
										2	0	0	0
										5	5	3	2
										5	2	1	0
										5	4	4	0
										2	0	0	0
										3	2	1	0
										2	1	1	0
										4	4	1	0
										5	4	2	1
										5	4	4	0
										3	3	3	2
										3	1	1	0
										1	1	1	0
										4	3	3	2
										2	1	0	0
										3	2	2	1
										5	5	2	2
										1	1	0	0
										5	4	4	2
										5	4	2	2
										4	4	4	2
										5	3	2	1
										5	5	3	3
										4	4	4	0
										5	5	3	0
										4	4	0	0
										5	4	4	3
										5	5	2	0
										5	2	0	0
										4	4	1	0
										1	1	1	0
										5	3	3	2
										3	2	2	1
										5	5	3	1
										5	5	5	4
										4	2	1	1
										5	5	2	0
										3	3	0	0
										3	1	1	1
										5	5	1	1
										4	3	2	0
										4	1	0	0
										4	3	3	3
										4	3	2	0
										5	5	5	4
										3	2	2	1
										3	3	1	1
										5	3	3	0
										5	4	4	3
										3	1	1	0
										5	4	4	3
										5	4	4	1
										5	4	4	4
										3	2	0	0
										5	2	1	1
										4	4	2	0
										4	4	4	0
										5	1	0	0
										3	1	0	0
										2	2	2	2
										5	4	4	3
										5	2	1	1
										2	1	1	1
										5	4	3	0
										1	1	1	0
										3	2	1	1
										4	4	3	0
										4	4	3	1
										3	1	1	1
										5	5	5	2
										5	5	3	1
										5	5	2	2
										5	3	2	2
										4	3	1	0
										5	5	2	1
										5	3	3	0
										3	3	2	1
										5	0	0	0
										4	4	3	1
										5	2	2	2
										4	3	1	0
										5	3	1	1
										5	5	4	1
										5	4	1	1
										4	1	1	0
										4	2	2	2
										5	3	2	1
										4	2	1	1
										2	0	0	0
										5	3	3	0
										5	5	0	0
										5	3	2	0
										2	2	1	0
										0	0	0	0
										4	4	3	0
										5	3	3	0
										5	4	1	0
										5	5	1	1
										5	4	4	3
										2	2	0	0
										5	4	1	1
										1	1	0	0
										5	4	4	0
										3	3	2	1
										4	4	4	1
										3	3	1	0
										5	3	3	1
										3	1	0	0
										2	2	2	1
										5	5	4	1
										5	5	1	0
										3	1	1	0
										5	4	3	2
										3	1	0	0
										5	4	4	0
										5	4	4	1
										5	5	2	2
										1	0	0	0
										5	4	3	3
										2	2	2	2
										5	4	4	0
										4	4	4	4
										4	3	2	1
										5	5	3	2
										4	2	1	0
										2	2	2	1
										3	3	1	0
										5	5	4	0
										3	3	3	3
										5	5	4	1
										5	4	4	1
										4	2	2	0
										5	3	0	0
										5	4	1	1
										4	4	2	2
										4	4	3	2
										3	3	1	1
										5	4	3	2
										3	3	2	1
										4	4	4	2
										5	1	0	0
										5	5	5	2
										4	2	2	2
										2	2	2	1
										5	3	3	2
										5	3	3	3
										5	3	2	0
										4	2	2	0
										1	0	0	0
										4	2	1	1
										4	4	4	3
										1	1	1	0
										5	5	3	2
										4	4	4	3
										4	4	1	0
										4	3	1	1
										4	4	3	0
										4	4	4	2
										4	3	3	3
										5	3	3	3
										5	2	2	0
										5	4	3	1
										4	4	1	1
										5	3	3	0
										3	3	3	1
										1	1	1	0
										5	5	5	5
										2	1	0	0
										4	4	2	1
										4	4	2	2
										4	4	3	3
										4	1	1	0
										3	3	1	0
										2	2	1	0
										2	2	2	1
										3	2	2	0
										5	5	5	5
										3	2	0	0
										3	2	2	2
										3	2	0	0
										3	2	2	0
										4	3	2	2
										4	2	0	0
										2	1	1	1
										4	4	2	1
										4	1	0	0
										5	4	3	3
										5	2	2	1
										2	1	1	0
										5	2	1	0
										5	3	2	1
										4	4	1	0
										3	3	3	1
										4	3	0	0
										5	2	2	2
										5	5	4	2
										3	3	3	1
										3	3	0	0
										4	4	3	3
										2	2	2	2
										2	1	1	0
										3	3	1	0
										5	4	1	0
										2	2	1	1
										4	2	0	0
										4	4	3	1
										5	1	1	0
										4	3	1	1
										3	3	0	0
										5	4	3	3
										4	4	2	2
										2	2	1	0
										5	3	1	1
										5	5	3	2
										0	0	0	0
										4	4	4	4
										4	2	1	0
										5	3	1	1
										5	5	3	0
										5	5	5	0
										5	4	2	0
										4	2	2	1
										5	5	5	5
										4	3	0	0
										5	2	2	1
										5	5	4	2
										3	1	1	1
										4	3	1	1
										4	3	1	1
										5	4	3	1
										4	1	0	0
										4	4	4	0
										3	1	1	0
										5	5	5	1
										2	2	2	1
										5	5	4	2
										5	5	0	0
										0	0	0	0
										5	3	2	0
										5	4	4	4
										5	4	3	0
										2	0	0	0
										5	5	5	4
										4	4	3	1
										3	1	1	0
										4	2	2	1
										4	4	4	1
										3	3	3	2
										3	3	2	0
										5	5	1	0
										5	0	0	0
										5	4	3	2
										5	5	4	4
										4	2	1	0
										4	2	2	1
										1	0	0	0
										4	4	2	0
										4	3	3	0
										4	4	2	0
										5	5	4	4
										5	5	3	3
										3	3	3	3
										4	4	2	2
										5	5	5	3
										3	2	1	0
										4	4	4	4
										5	4	2	1
										5	0	0	0
										3	2	0	0
										3	3	3	0
										5	5	4	4
										5	5	5	5
										3	3	0	0
										5	2	1	1
										2	2	1	0
										5	4	4	3
										4	4	1	0
										5	2	2	0
										4	2	2	0
										5	3	3	2
										4	4	3	3
										5	5	3	1
										4	2	2	2
										4	3	1	1
										3	3	1	0
										4	2	0	0
										3	3	2	2
										4	3	2	2
										4	3	3	2
										3	2	2	0
										5	4	1	1
										4	4	3	2
										5	4	2	0
										3	0	0	0
										5	0	0	0
										5	5	1	0
